0.430539 0.384079 0.359901 0.356972 0.372200 0.343074 0.348595 0.358267 0.355721 0.337603 0.345908 0.363267 0.378371 0.386933 0.389367 0.381593 0.373758 0.368881 0.385490 0.379181 0.356244 0.335130 0.310862 0.254438 0.224345 0.138485 0.153186 0.129887 0.131263 0.137803 0.125313 0.118877 0.121654 0.131578 0.132312 0.117294 0.120745 0.117862 0.127994 0.140530 0.128837 0.131234 0.125972 0.124796 0.116316 0.119342 0.115210 0.107118 0.117783 0.111879 0.110590 0.105353 0.101828 0.103053 0.097820 0.105245 0.111681 0.097482 0.104161 0.100205 0.101972 0.090253 0.085033 0.081250 
0.464965 0.389813 0.357377 0.364680 0.356675 0.359787 0.377724 0.382743 0.376134 0.374624 0.374077 0.388453 0.374600 0.385104 0.389590 0.363661 0.363517 0.368981 0.373967 0.390859 0.377354 0.382221 0.361659 0.328363 0.308646 0.197116 0.140556 0.131998 0.132586 0.122431 0.129457 0.143886 0.126722 0.120894 0.121440 0.107574 0.119028 0.110094 0.127323 0.127687 0.130789 0.132163 0.138334 0.133987 0.146311 0.122313 0.113465 0.106450 0.112013 0.108394 0.102485 0.097340 0.106833 0.097175 0.110844 0.112964 0.106914 0.082437 0.085751 0.079758 0.094767 0.088496 0.091414 0.089792 
0.381906 0.348926 0.350311 0.363192 0.384868 0.375495 0.384663 0.390598 0.382726 0.383994 0.364285 0.368435 0.356975 0.371033 0.386732 0.382859 0.398412 0.385364 0.373173 0.377978 0.379901 0.381846 0.371256 0.369429 0.356315 0.314915 0.192476 0.161377 0.138493 0.134313 0.115397 0.127479 0.139447 0.118225 0.120121 0.124927 0.122031 0.126568 0.133255 0.126524 0.133596 0.140334 0.134915 0.125923 0.129155 0.109543 0.114405 0.109541 0.119352 0.104373 0.096236 0.101983 0.116886 0.111498 0.104277 0.095124 0.078034 0.077985 0.083114 0.086647 0.099991 0.099274 0.089873 0.080901 
0.384130 0.356282 0.351922 0.372200 0.367391 0.356168 0.363961 0.363324 0.372433 0.371046 0.370257 0.366274 0.388296 0.385937 0.371312 0.365545 0.368926 0.371476 0.371275 0.358055 0.393781 0.415587 0.388008 0.369064 0.375800 0.358920 0.309509 0.230005 0.157952 0.142501 0.131009 0.149732 0.138300 0.122558 0.135277 0.132953 0.122888 0.136434 0.131993 0.142307 0.133354 0.152545 0.144587 0.139305 0.130674 0.122613 0.122101 0.112634 0.118737 0.115273 0.104057 0.099614 0.094459 0.085497 0.099590 0.098306 0.091562 0.086492 0.089474 0.075754 0.081236 0.094641 0.078736 0.085444 
0.370565 0.357557 0.361864 0.411860 0.398526 0.383352 0.373977 0.380131 0.384597 0.375465 0.359098 0.358608 0.370102 0.356715 0.357333 0.360711 0.376425 0.372959 0.391096 0.402973 0.406899 0.395685 0.373762 0.364769 0.352052 0.360074 0.363261 0.358789 0.313116 0.267459 0.181147 0.163300 0.152164 0.136225 0.127962 0.116262 0.119376 0.117216 0.133898 0.134721 0.140667 0.160411 0.155286 0.141960 0.134751 0.123853 0.121717 0.138780 0.115491 0.119338 0.118118 0.114467 0.109575 0.110183 0.104205 0.095576 0.081044 0.080004 0.081446 0.086857 0.076617 0.079777 0.098860 0.098404 
0.371642 0.375535 0.368210 0.391151 0.367750 0.370910 0.373602 0.385817 0.379049 0.352386 0.352519 0.352728 0.373669 0.374672 0.377531 0.385775 0.371474 0.373235 0.389995 0.394012 0.387732 0.364549 0.347702 0.358862 0.379865 0.390572 0.392681 0.390608 0.376629 0.375562 0.324476 0.229472 0.178631 0.141598 0.124861 0.123438 0.131110 0.122843 0.149433 0.139018 0.148609 0.143323 0.126974 0.144697 0.139274 0.116281 0.137663 0.151114 0.142463 0.139537 0.120772 0.112555 0.107168 0.108503 0.113432 0.104811 0.095807 0.091072 0.095936 0.083463 0.075986 0.096479 0.102854 0.095559 
0.408063 0.375905 0.375530 0.376959 0.366753 0.357930 0.359998 0.389824 0.401833 0.376087 0.376593 0.364492 0.365946 0.367083 0.386278 0.376015 0.375727 0.373829 0.381636 0.372892 0.373244 0.373462 0.372346 0.377086 0.379686 0.374503 0.366315 0.386863 0.364011 0.387969 0.383806 0.365664 0.338838 0.212655 0.163393 0.137984 0.119930 0.128232 0.141694 0.137236 0.121869 0.127928 0.133025 0.133532 0.136312 0.135264 0.131211 0.141417 0.141340 0.141708 0.133646 0.139686 0.112740 0.115422 0.113935 0.130359 0.120439 0.104274 0.114805 0.096832 0.087899 0.101513 0.104494 0.095311 
0.413528 0.375126 0.372198 0.377266 0.374549 0.373902 0.380607 0.395969 0.396014 0.370198 0.373897 0.360632 0.340581 0.344316 0.378980 0.385086 0.393941 0.392856 0.380289 0.383265 0.377843 0.366266 0.365901 0.353639 0.372104 0.370176 0.365124 0.366984 0.394129 0.390880 0.390542 0.390838 0.377728 0.330155 0.279506 0.169218 0.149488 0.137398 0.135091 0.135402 0.135593 0.130101 0.127193 0.132621 0.123472 0.128325 0.127306 0.129445 0.118292 0.127065 0.135084 0.126443 0.126837 0.121420 0.118391 0.131210 0.106075 0.103032 0.119898 0.107816 0.110589 0.103301 0.095778 0.089343 
0.430912 0.365569 0.354303 0.372380 0.362814 0.343244 0.362960 0.388975 0.357368 0.362411 0.366788 0.367916 0.376138 0.385475 0.385601 0.381646 0.369355 0.381172 0.363745 0.369679 0.368201 0.366703 0.376090 0.374226 0.383581 0.383990 0.374127 0.388983 0.385236 0.378974 0.373043 0.378669 0.351848 0.356801 0.382160 0.320515 0.197334 0.144826 0.141669 0.135683 0.146227 0.134958 0.146876 0.147068 0.137059 0.152218 0.142077 0.134908 0.115142 0.122819 0.129986 0.120264 0.124527 0.111384 0.139125 0.134055 0.109746 0.122523 0.108537 0.111521 0.109515 0.123426 0.102905 0.104597 
0.409892 0.382335 0.388308 0.394822 0.376714 0.379791 0.368366 0.394691 0.368796 0.378945 0.374066 0.376913 0.377458 0.367982 0.355872 0.362685 0.386784 0.362882 0.370371 0.383783 0.392360 0.372933 0.390713 0.372559 0.371341 0.363553 0.377609 0.390469 0.389788 0.387209 0.382403 0.395713 0.384223 0.396467 0.381724 0.353375 0.331105 0.277855 0.226372 0.166923 0.144355 0.161371 0.150207 0.157089 0.135779 0.146786 0.130287 0.119805 0.128863 0.120907 0.132357 0.123996 0.120834 0.124037 0.134464 0.120979 0.119435 0.113680 0.095915 0.125908 0.113161 0.118295 0.098850 0.117387 
0.371610 0.351539 0.365321 0.392222 0.379885 0.367626 0.363942 0.380461 0.389163 0.375457 0.352044 0.356367 0.380687 0.385252 0.380861 0.380272 0.378763 0.374462 0.381087 0.380055 0.369252 0.366191 0.377814 0.367364 0.376168 0.394444 0.397639 0.397900 0.417321 0.433560 0.393960 0.361189 0.372448 0.380593 0.366854 0.364268 0.386478 0.369414 0.360464 0.307623 0.199744 0.140761 0.139943 0.132329 0.135455 0.132233 0.118316 0.119523 0.127425 0.128289 0.134371 0.126621 0.117277 0.113318 0.113100 0.124742 0.117770 0.118126 0.112835 0.127758 0.120989 0.127777 0.121557 0.126725 
0.470092 0.369661 0.364846 0.373900 0.357635 0.351649 0.358906 0.388620 0.366634 0.369615 0.379605 0.393179 0.397259 0.394081 0.400042 0.392495 0.381284 0.367731 0.384442 0.371628 0.370383 0.379045 0.366802 0.361400 0.371466 0.391163 0.375270 0.388993 0.393603 0.395977 0.387164 0.396395 0.392841 0.418345 0.415189 0.395089 0.403608 0.383201 0.373599 0.356123 0.312256 0.240052 0.171341 0.155159 0.146309 0.130596 0.134260 0.135887 0.134139 0.115971 0.122274 0.119951 0.118512 0.103131 0.127383 0.137806 0.134394 0.131026 0.139127 0.121323 0.107945 0.119768 0.127045 0.117864 
0.426569 0.362655 0.368347 0.375981 0.380396 0.381564 0.377167 0.399111 0.385273 0.379603 0.403713 0.398341 0.386088 0.365672 0.370720 0.369560 0.384954 0.391082 0.410319 0.394795 0.406299 0.377060 0.375692 0.367207 0.364250 0.367461 0.362892 0.385751 0.388382 0.409446 0.396898 0.413466 0.411977 0.376563 0.377274 0.387728 0.371599 0.359899 0.380466 0.358155 0.360725 0.369260 0.346411 0.288026 0.183473 0.153213 0.152685 0.123347 0.125930 0.120711 0.131277 0.127800 0.108690 0.113156 0.122544 0.123508 0.133958 0.135575 0.130484 0.127650 0.135535 0.140688 0.124256 0.114446 
0.382024 0.361673 0.352643 0.359547 0.367153 0.360633 0.393352 0.419791 0.377586 0.380904 0.398310 0.384312 0.368118 0.351997 0.373164 0.392862 0.393729 0.381143 0.375138 0.371793 0.382994 0.366153 0.362158 0.381185 0.382360 0.384118 0.389224 0.392750 0.381279 0.382972 0.377549 0.374387 0.381806 0.377767 0.374228 0.392804 0.394852 0.399223 0.399082 0.396507 0.397605 0.384299 0.377695 0.369192 0.309660 0.241325 0.169583 0.147951 0.124821 0.125263 0.139683 0.128367 0.104222 0.110469 0.119404 0.134512 0.127134 0.131632 0.129614 0.125085 0.146343 0.136388 0.124678 0.112009 
0.376121 0.367425 0.358391 0.382659 0.383962 0.375733 0.389068 0.389879 0.391961 0.378020 0.386080 0.398713 0.372422 0.378575 0.374557 0.383270 0.396133 0.384471 0.376648 0.374464 0.395976 0.400257 0.398828 0.394629 0.376391 0.361588 0.375381 0.376478 0.358424 0.372117 0.370056 0.377516 0.384514 0.387184 0.379707 0.369057 0.376195 0.383573 0.385859 0.383896 0.390868 0.379620 0.380601 0.387276 0.392089 0.358955 0.264937 0.147194 0.129794 0.139470 0.130035 0.116029 0.134861 0.126069 0.133844 0.133573 0.129763 0.125252 0.129832 0.130538 0.123447 0.111972 0.120748 0.137877 
0.358750 0.359481 0.364680 0.375364 0.381424 0.367051 0.384848 0.390581 0.380380 0.367889 0.363016 0.366484 0.351796 0.359747 0.378150 0.391737 0.405947 0.375542 0.375344 0.390547 0.377161 0.391082 0.379699 0.361039 0.367779 0.369572 0.376564 0.391017 0.389011 0.392612 0.381303 0.372470 0.371039 0.371681 0.361261 0.368185 0.373258 0.384287 0.407903 0.386635 0.398391 0.400214 0.385290 0.400167 0.375283 0.353067 0.337539 0.306509 0.246010 0.187629 0.149574 0.130511 0.132231 0.132746 0.131858 0.120509 0.116063 0.112693 0.129855 0.130529 0.132689 0.122817 0.135474 0.148493 
0.402046 0.392114 0.363773 0.372327 0.375750 0.378677 0.366181 0.366141 0.366008 0.380306 0.374611 0.382188 0.382899 0.373879 0.376227 0.376324 0.372613 0.362718 0.382313 0.373794 0.371404 0.388263 0.384693 0.380731 0.395828 0.367399 0.360692 0.366999 0.379217 0.367623 0.363502 0.362522 0.364506 0.388278 0.390867 0.399279 0.396426 0.396915 0.403007 0.371591 0.377240 0.377898 0.364265 0.379798 0.395507 0.388647 0.385984 0.397093 0.379626 0.332610 0.249064 0.154835 0.128482 0.127401 0.121505 0.133718 0.129153 0.130817 0.145148 0.134731 0.129501 0.158706 0.175539 0.170745 
0.424178 0.381949 0.368041 0.374126 0.378962 0.390499 0.391829 0.389271 0.389051 0.402608 0.386774 0.379557 0.392424 0.377940 0.365589 0.367702 0.361110 0.380343 0.381350 0.395766 0.386531 0.359807 0.354020 0.370448 0.392705 0.376320 0.352606 0.368815 0.370580 0.387340 0.389427 0.398382 0.398710 0.388561 0.371109 0.378876 0.376669 0.372219 0.357758 0.373984 0.376524 0.378600 0.388868 0.381345 0.363743 0.367935 0.361264 0.370173 0.370316 0.365109 0.357101 0.306528 0.187899 0.149440 0.150060 0.150036 0.144378 0.147062 0.156162 0.173626 0.245845 0.318384 0.333466 0.326626 
0.398761 0.358444 0.344038 0.349401 0.354264 0.342569 0.369975 0.381004 0.371520 0.380771 0.362105 0.373941 0.382126 0.371466 0.365981 0.407580 0.391559 0.397985 0.382249 0.371287 0.362743 0.358778 0.379295 0.379957 0.377609 0.383087 0.389583 0.371468 0.376887 0.370007 0.355243 0.377981 0.367110 0.362732 0.379917 0.388435 0.384411 0.397863 0.371141 0.367525 0.362688 0.366024 0.359575 0.352679 0.347694 0.359557 0.369948 0.361946 0.374612 0.368429 0.391422 0.373255 0.332838 0.242502 0.202247 0.208254 0.244170 0.242877 0.266598 0.333443 0.394401 0.377168 0.400210 0.418849 
0.390693 0.383224 0.375259 0.398476 0.364840 0.360975 0.372684 0.392767 0.376898 0.383383 0.372804 0.392524 0.377370 0.366377 0.359622 0.364306 0.364157 0.368675 0.364837 0.365327 0.382471 0.394787 0.398016 0.381716 0.387571 0.373650 0.373824 0.370161 0.367560 0.354146 0.367757 0.370077 0.370307 0.410794 0.396646 0.386982 0.389846 0.386408 0.352673 0.337195 0.334360 0.345718 0.369776 0.372262 0.389254 0.378313 0.380663 0.384474 0.362883 0.371716 0.358984 0.325533 0.305546 0.328337 0.310052 0.345208 0.378430 0.382480 0.386423 0.393418 0.437957 0.450154 0.495421 0.519839 
0.365041 0.357639 0.360165 0.380818 0.367569 0.363765 0.384030 0.406168 0.380497 0.379031 0.391495 0.398331 0.384142 0.373040 0.356487 0.360269 0.375264 0.377826 0.391284 0.377642 0.375439 0.385296 0.398008 0.353024 0.360279 0.359771 0.370838 0.374180 0.392100 0.389090 0.371996 0.376302 0.376284 0.379574 0.376867 0.365665 0.394462 0.383830 0.361637 0.384617 0.383949 0.398626 0.397105 0.385845 0.378635 0.363072 0.358069 0.370652 0.376148 0.357896 0.350023 0.216319 0.240320 0.358557 0.368531 0.382327 0.420446 0.463068 0.468823 0.480754 0.511359 0.533615 0.544954 0.554990 
0.366200 0.373591 0.374467 0.373568 0.371574 0.362758 0.373107 0.378417 0.354540 0.373591 0.354783 0.372431 0.371939 0.386879 0.388414 0.392938 0.369583 0.375460 0.376434 0.364233 0.369146 0.371205 0.387744 0.374792 0.372616 0.365850 0.391793 0.374323 0.368508 0.359655 0.363941 0.369023 0.364924 0.366918 0.372938 0.382867 0.392671 0.383737 0.377876 0.377261 0.375764 0.374928 0.363497 0.363480 0.367502 0.380430 0.374083 0.370575 0.384350 0.375623 0.355401 0.235444 0.215385 0.364277 0.424111 0.442416 0.497225 0.541406 0.537727 0.540799 0.532524 0.548498 0.531738 0.494394 
0.397998 0.386856 0.384532 0.376583 0.372561 0.380363 0.400478 0.391032 0.384425 0.404723 0.373527 0.362158 0.355173 0.359852 0.371501 0.363818 0.360379 0.362301 0.384686 0.403742 0.388261 0.389228 0.377409 0.365369 0.366021 0.356309 0.361009 0.359509 0.368207 0.362451 0.380927 0.376406 0.374571 0.375393 0.386544 0.385989 0.378905 0.360291 0.361751 0.371901 0.361222 0.372014 0.382060 0.402597 0.392288 0.381981 0.365528 0.368362 0.363362 0.360411 0.355187 0.280649 0.221283 0.410347 0.511559 0.520512 0.511172 0.489456 0.451724 0.417787 0.409190 0.405438 0.403914 0.404563 
0.382227 0.358318 0.357017 0.352066 0.364226 0.380516 0.399552 0.401837 0.366839 0.391066 0.352592 0.349095 0.360995 0.354844 0.389307 0.390176 0.404249 0.387039 0.403260 0.396421 0.387451 0.371457 0.345381 0.343926 0.369637 0.376123 0.388327 0.362613 0.371265 0.372251 0.377344 0.382367 0.372925 0.373754 0.380189 0.367801 0.367382 0.392889 0.396079 0.382918 0.377765 0.377140 0.387342 0.377205 0.373218 0.366093 0.363412 0.358814 0.345959 0.375279 0.359119 0.356871 0.315775 0.526904 0.584520 0.537200 0.464235 0.402340 0.379791 0.390265 0.372417 0.383073 0.377553 0.366043 
0.357887 0.346401 0.355743 0.371671 0.368221 0.365497 0.404782 0.399916 0.366048 0.385585 0.383919 0.398342 0.377100 0.372469 0.386881 0.404609 0.369866 0.365225 0.352422 0.363357 0.385387 0.373893 0.361160 0.385604 0.381993 0.397488 0.391519 0.363702 0.359423 0.356463 0.363736 0.363196 0.357190 0.348913 0.362489 0.361146 0.374286 0.398322 0.391126 0.375308 0.355585 0.370689 0.378384 0.367994 0.364193 0.360261 0.367064 0.381646 0.377582 0.377828 0.382579 0.372729 0.384544 0.628149 0.713236 0.608354 0.547514 0.414314 0.346693 0.296541 0.300134 0.313997 0.316637 0.315309 
0.353240 0.335251 0.359301 0.390001 0.389336 0.396848 0.401457 0.407165 0.400030 0.395967 0.380305 0.375433 0.362983 0.359868 0.366374 0.381321 0.372831 0.385029 0.382197 0.364760 0.371066 0.368486 0.373691 0.365588 0.361100 0.372831 0.377939 0.366724 0.380509 0.369183 0.377368 0.372067 0.356954 0.372186 0.388855 0.396777 0.388724 0.383046 0.365229 0.378138 0.377609 0.398344 0.388080 0.386697 0.384366 0.372074 0.357428 0.348030 0.353624 0.366097 0.356954 0.346790 0.422514 0.714755 0.827365 0.690202 0.600347 0.465894 0.313261 0.256140 0.252805 0.308635 0.334521 0.342068 
0.354717 0.339027 0.369473 0.391125 0.375757 0.368489 0.384996 0.383353 0.353447 0.359522 0.361697 0.371171 0.382809 0.401111 0.382040 0.381483 0.385854 0.370809 0.389917 0.361467 0.363215 0.360525 0.367721 0.369356 0.364798 0.371330 0.365360 0.356992 0.372196 0.383849 0.409127 0.409776 0.402809 0.434843 0.453259 0.432762 0.403996 0.385193 0.380274 0.401980 0.386773 0.378816 0.367780 0.359295 0.360345 0.346820 0.354044 0.362482 0.383018 0.396265 0.376081 0.373994 0.474896 0.805557 0.798642 0.735417 0.644204 0.473644 0.334101 0.262806 0.262959 0.306152 0.341097 0.351355 
0.374270 0.373293 0.375248 0.373767 0.374415 0.373055 0.381790 0.383724 0.373309 0.386829 0.366988 0.360939 0.371058 0.390845 0.384406 0.367859 0.376662 0.362359 0.360091 0.371328 0.377102 0.368331 0.378243 0.379958 0.365537 0.382965 0.410049 0.415754 0.406602 0.413064 0.416837 0.431493 0.415904 0.407947 0.372930 0.373681 0.368936 0.366628 0.376418 0.379492 0.354052 0.356061 0.350642 0.379431 0.376408 0.386006 0.388793 0.377300 0.373072 0.369095 0.368973 0.371457 0.511275 0.874915 0.875847 0.772977 0.697542 0.501109 0.340966 0.318053 0.321080 0.343087 0.342419 0.353182 
0.370549 0.369169 0.361815 0.360870 0.377243 0.386856 0.406123 0.381487 0.384902 0.406269 0.373702 0.343826 0.322283 0.327579 0.346611 0.347669 0.367605 0.367451 0.374593 0.379987 0.400272 0.401386 0.388652 0.391588 0.395862 0.446517 0.552736 0.542779 0.434588 0.380779 0.352350 0.348447 0.363652 0.366812 0.354625 0.357149 0.345938 0.356691 0.362750 0.377384 0.375351 0.365954 0.370231 0.379559 0.373678 0.380955 0.363205 0.344873 0.345256 0.340253 0.359419 0.380981 0.536956 0.912160 0.937970 0.810209 0.723931 0.530666 0.358534 0.352796 0.326001 0.324872 0.359451 0.368645 
0.361846 0.383217 0.375897 0.373994 0.358217 0.365039 0.394848 0.386917 0.365960 0.380038 0.375102 0.308807 0.150612 0.126837 0.259255 0.329876 0.385351 0.411963 0.399598 0.429087 0.437088 0.440364 0.430763 0.416806 0.395638 0.416772 0.546230 0.560972 0.435420 0.330606 0.202571 0.222803 0.325981 0.337397 0.365857 0.369837 0.379996 0.398339 0.372274 0.376233 0.362481 0.357324 0.359613 0.354685 0.349425 0.360069 0.361235 0.377694 0.363747 0.370493 0.387901 0.386530 0.543613 0.908026 0.951887 0.848243 0.757658 0.570475 0.387181 0.369629 0.341777 0.347690 0.347749 0.367917 
0.372059 0.369447 0.384261 0.401004 0.375934 0.393170 0.412616 0.405326 0.399017 0.387508 0.379806 0.338577 0.214336 0.105530 0.307439 0.391735 0.420866 0.430550 0.427571 0.418136 0.399979 0.370349 0.310008 0.235122 0.223363 0.323109 0.624936 0.591979 0.460829 0.325198 0.191164 0.172211 0.290107 0.347043 0.348909 0.362137 0.368925 0.368717 0.357135 0.351490 0.353401 0.365250 0.369004 0.384356 0.388977 0.365396 0.373574 0.362767 0.384893 0.371168 0.360896 0.368420 0.538420 0.907374 0.962117 0.925747 0.802206 0.552365 0.384319 0.371985 0.358083 0.356479 0.355982 0.380066 
0.341807 0.352045 0.370465 0.376777 0.366619 0.379129 0.395163 0.385639 0.373937 0.374657 0.358110 0.344632 0.320698 0.159304 0.326817 0.442266 0.396822 0.354214 0.307322 0.148261 0.116602 0.105632 0.096454 0.100384 0.112551 0.300129 0.649094 0.639248 0.487820 0.350216 0.270845 0.194824 0.312746 0.348936 0.350620 0.360311 0.373568 0.368110 0.375920 0.387697 0.366222 0.362265 0.376111 0.368784 0.373585 0.363282 0.347512 0.346830 0.352194 0.361106 0.376320 0.393178 0.577154 0.929062 0.964637 0.949233 0.829888 0.577464 0.421949 0.395795 0.364227 0.356694 0.356684 0.370410 
0.361319 0.364014 0.371761 0.361393 0.364430 0.352493 0.366290 0.376606 0.379776 0.380473 0.390790 0.373541 0.374233 0.318429 0.401176 0.553271 0.415755 0.351969 0.206553 0.115173 0.090134 0.083035 0.089552 0.096114 0.109508 0.254312 0.670651 0.747916 0.477550 0.355603 0.342187 0.304114 0.330452 0.365044 0.361052 0.386902 0.387192 0.386790 0.377525 0.379223 0.359252 0.359365 0.351280 0.349793 0.357246 0.360103 0.368449 0.368717 0.372405 0.370719 0.386329 0.435239 0.619367 0.948147 0.969813 0.956424 0.859398 0.616019 0.419175 0.384463 0.365215 0.368116 0.389508 0.376948 
0.351258 0.339859 0.354534 0.359451 0.352078 0.359137 0.385846 0.376753 0.378551 0.386297 0.381331 0.363373 0.354806 0.349749 0.457992 0.595231 0.430414 0.354438 0.221402 0.116397 0.087010 0.081244 0.094759 0.110856 0.116440 0.343604 0.765798 0.804125 0.515368 0.389900 0.343438 0.358238 0.368577 0.365279 0.378536 0.374786 0.376958 0.368404 0.371096 0.373324 0.374866 0.384922 0.373295 0.372137 0.382930 0.377995 0.359166 0.370703 0.355152 0.358193 0.368151 0.410603 0.622986 0.946480 0.966620 0.968158 0.907087 0.676693 0.492868 0.393636 0.363203 0.385934 0.392956 0.386258 
0.340168 0.348620 0.344425 0.351123 0.356747 0.381579 0.390034 0.365356 0.360086 0.374243 0.388290 0.367628 0.364546 0.379285 0.550966 0.691487 0.459464 0.381554 0.296764 0.121282 0.097418 0.088855 0.107589 0.132294 0.180177 0.431888 0.883725 0.918627 0.599633 0.448277 0.366062 0.345825 0.356944 0.368154 0.369052 0.388864 0.389813 0.380436 0.381744 0.381560 0.368998 0.366650 0.374903 0.363694 0.367825 0.352716 0.360231 0.341836 0.365709 0.366661 0.379666 0.406252 0.603475 0.943586 0.969628 0.972280 0.944944 0.745419 0.504639 0.432505 0.378389 0.375984 0.370566 0.370993 
0.380974 0.367441 0.409650 0.384298 0.354046 0.370405 0.389639 0.392826 0.373400 0.377299 0.390121 0.388325 0.387407 0.436797 0.679251 0.769704 0.532783 0.447281 0.338351 0.146382 0.101645 0.096465 0.149570 0.151958 0.231097 0.477695 0.928134 0.942219 0.752119 0.452395 0.360499 0.358197 0.373222 0.381245 0.378603 0.384915 0.377410 0.371533 0.368346 0.352615 0.359371 0.352180 0.370550 0.380776 0.376059 0.367146 0.379545 0.382401 0.376954 0.371732 0.381161 0.428967 0.626803 0.950469 0.971468 0.967078 0.947969 0.781243 0.551310 0.475843 0.437058 0.415719 0.389169 0.385701 
0.363548 0.374621 0.405923 0.386855 0.383747 0.384121 0.385564 0.396970 0.367412 0.360836 0.375870 0.362643 0.379693 0.474677 0.825799 0.833484 0.595364 0.491453 0.297333 0.137396 0.099736 0.118620 0.160378 0.178646 0.215522 0.562025 0.920481 0.944199 0.785231 0.505788 0.377050 0.352685 0.369875 0.380721 0.388189 0.393453 0.367806 0.362314 0.373015 0.401907 0.402522 0.388487 0.390767 0.386928 0.381546 0.375418 0.357440 0.351647 0.356723 0.348509 0.354655 0.385628 0.654545 0.949182 0.969853 0.971609 0.957590 0.822762 0.598424 0.527453 0.532363 0.521872 0.410887 0.388050 
0.361710 0.364415 0.383234 0.370542 0.364925 0.373377 0.377428 0.379672 0.371057 0.377920 0.380216 0.381552 0.389838 0.492726 0.839673 0.911028 0.700179 0.490976 0.301164 0.144364 0.124630 0.144696 0.194129 0.256427 0.258458 0.584025 0.933179 0.955513 0.808725 0.539865 0.359469 0.352120 0.377486 0.377640 0.388183 0.400783 0.399105 0.387510 0.388548 0.393986 0.396921 0.386189 0.375111 0.357867 0.353390 0.352526 0.354535 0.355236 0.380133 0.385409 0.393432 0.427726 0.716459 0.948276 0.964763 0.963239 0.962970 0.851528 0.648581 0.564469 0.530097 0.546775 0.461025 0.415089 
0.386498 0.379173 0.374684 0.373657 0.371221 0.382422 0.396169 0.388721 0.380784 0.372916 0.366397 0.359336 0.387937 0.507209 0.857725 0.942588 0.766275 0.499614 0.322774 0.158537 0.130398 0.162051 0.256260 0.319037 0.306334 0.607663 0.935221 0.958490 0.835520 0.617482 0.369345 0.349154 0.359163 0.363772 0.398827 0.399835 0.388192 0.365744 0.358389 0.372307 0.366406 0.358423 0.369508 0.382812 0.372833 0.388634 0.405364 0.386980 0.386308 0.378533 0.378439 0.424863 0.722616 0.956095 0.968491 0.965483 0.967005 0.883034 0.704727 0.601066 0.529979 0.508436 0.458582 0.407389 
0.348127 0.353143 0.358153 0.353445 0.364706 0.373521 0.392883 0.368040 0.362481 0.367365 0.354416 0.359396 0.372760 0.514499 0.886997 0.937166 0.794666 0.510964 0.319838 0.151752 0.125210 0.172195 0.242635 0.287748 0.308897 0.637256 0.951204 0.956290 0.840194 0.718749 0.395289 0.363591 0.387753 0.378434 0.404232 0.415970 0.384572 0.376097 0.363884 0.387849 0.393157 0.375589 0.371766 0.379795 0.377041 0.391770 0.408440 0.377637 0.377640 0.367556 0.374603 0.416511 0.744956 0.957162 0.968679 0.973541 0.969717 0.904260 0.741352 0.607980 0.529982 0.489393 0.423011 0.398182 
0.370631 0.382542 0.392062 0.365036 0.344807 0.368740 0.403423 0.384673 0.383632 0.381361 0.365928 0.371421 0.400389 0.575831 0.930357 0.947213 0.809380 0.560531 0.325534 0.153497 0.120750 0.168582 0.257337 0.290121 0.320998 0.657917 0.950397 0.960244 0.838193 0.755766 0.476050 0.396350 0.403263 0.401820 0.423340 0.449240 0.431815 0.387144 0.378106 0.366172 0.377731 0.372189 0.365212 0.369721 0.367056 0.401084 0.381697 0.370667 0.369497 0.372360 0.371558 0.429874 0.760970 0.955867 0.968133 0.974166 0.972987 0.933846 0.742254 0.584482 0.518551 0.481342 0.475111 0.423645 
0.368803 0.378132 0.412896 0.385396 0.380208 0.384523 0.404557 0.400313 0.379897 0.370134 0.362351 0.371998 0.399648 0.589931 0.925845 0.941795 0.823151 0.624550 0.325305 0.162236 0.122585 0.181534 0.307699 0.331569 0.349929 0.663350 0.946948 0.958571 0.836891 0.764540 0.506209 0.374304 0.374822 0.402739 0.409572 0.413534 0.400206 0.386790 0.363701 0.363616 0.365159 0.366754 0.380972 0.383734 0.392079 0.407625 0.386821 0.364188 0.376237 0.362299 0.360551 0.433724 0.753064 0.954051 0.971510 0.972904 0.971497 0.929323 0.745615 0.604548 0.536535 0.527230 0.511435 0.482930 
0.369989 0.372615 0.376048 0.364945 0.351923 0.384698 0.404263 0.370275 0.367237 0.365723 0.368549 0.377235 0.400201 0.578243 0.922827 0.942226 0.835758 0.736573 0.368407 0.210512 0.151669 0.252992 0.325135 0.347718 0.367859 0.662284 0.949154 0.948753 0.831775 0.760100 0.503422 0.375311 0.387307 0.405884 0.422377 0.415410 0.385961 0.380056 0.383114 0.419725 0.401302 0.375633 0.376661 0.395712 0.387078 0.353511 0.345141 0.359194 0.371112 0.359201 0.376071 0.456553 0.747409 0.952727 0.968664 0.973367 0.967750 0.886607 0.757213 0.636682 0.558344 0.544832 0.530974 0.536063 
0.373015 0.376680 0.356617 0.361231 0.352095 0.376318 0.397343 0.370513 0.364788 0.391428 0.374107 0.373987 0.383590 0.552031 0.911078 0.943693 0.844060 0.785183 0.448187 0.275041 0.198410 0.315174 0.345649 0.358111 0.371241 0.672765 0.948068 0.943997 0.817869 0.707299 0.495316 0.381582 0.385237 0.400785 0.409742 0.394291 0.374347 0.353550 0.368795 0.383445 0.367806 0.376706 0.365850 0.363897 0.381977 0.372887 0.379106 0.377865 0.380013 0.368716 0.388135 0.466100 0.772207 0.955653 0.966956 0.973117 0.963407 0.858396 0.754649 0.650988 0.547682 0.541583 0.544173 0.523026 
0.356799 0.368722 0.353681 0.361005 0.371318 0.404309 0.422018 0.374818 0.373480 0.376084 0.352508 0.357050 0.389020 0.549095 0.929558 0.951997 0.845536 0.796544 0.457904 0.314638 0.260827 0.341938 0.359752 0.362037 0.378292 0.687904 0.953161 0.946329 0.800817 0.704791 0.513266 0.388588 0.403479 0.443344 0.454518 0.423353 0.370044 0.362896 0.361769 0.377988 0.374318 0.384130 0.375873 0.367884 0.377673 0.387305 0.376366 0.365400 0.370572 0.370116 0.375726 0.434479 0.770233 0.953060 0.965897 0.967599 0.954224 0.874006 0.757952 0.661406 0.561762 0.550264 0.549499 0.522594 
0.371649 0.366615 0.376758 0.347296 0.354118 0.390029 0.408941 0.368851 0.357202 0.365655 0.358710 0.366592 0.417822 0.579836 0.930970 0.944636 0.864043 0.795197 0.457286 0.320055 0.303049 0.357392 0.369036 0.345500 0.348521 0.677868 0.948468 0.949500 0.820973 0.741700 0.512115 0.405779 0.395948 0.431928 0.474446 0.482621 0.413863 0.379565 0.382128 0.388509 0.398815 0.380344 0.368893 0.370308 0.366810 0.346315 0.362462 0.377125 0.392864 0.367531 0.372237 0.432544 0.755689 0.953095 0.968731 0.970791 0.949417 0.878422 0.746630 0.653715 0.568378 0.565292 0.551098 0.530035 
0.376788 0.364504 0.397827 0.388790 0.382356 0.385136 0.410154 0.392870 0.371386 0.367396 0.371487 0.398683 0.457139 0.713759 0.947345 0.941881 0.873054 0.800798 0.464196 0.354119 0.325153 0.353030 0.353259 0.360859 0.372298 0.697059 0.947905 0.953167 0.842335 0.771683 0.521738 0.418205 0.417597 0.454796 0.494598 0.477030 0.389945 0.372257 0.364793 0.373322 0.369697 0.376057 0.371932 0.381801 0.361273 0.377089 0.368516 0.383006 0.401698 0.362239 0.383709 0.433602 0.758049 0.948166 0.961897 0.970683 0.946504 0.854107 0.739386 0.629564 0.552251 0.540177 0.534272 0.534611 
0.374374 0.361814 0.381943 0.381995 0.374575 0.364669 0.379083 0.360977 0.357244 0.357376 0.369659 0.419261 0.494036 0.723770 0.942519 0.949348 0.860252 0.799912 0.459247 0.327553 0.325820 0.359067 0.350705 0.359784 0.405068 0.730732 0.953178 0.948611 0.832618 0.780717 0.496911 0.379460 0.417974 0.446394 0.486458 0.455259 0.366265 0.366823 0.378425 0.390364 0.376128 0.366943 0.375683 0.388369 0.368787 0.358205 0.351302 0.351289 0.356761 0.350303 0.363429 0.429597 0.770333 0.952739 0.961684 0.970239 0.957600 0.842621 0.738946 0.600370 0.558974 0.552984 0.539646 0.513344 
0.396797 0.395554 0.384247 0.371470 0.382285 0.386037 0.396797 0.366592 0.369722 0.376902 0.381373 0.416811 0.496457 0.680247 0.946939 0.947814 0.878374 0.794441 0.481619 0.345916 0.343153 0.381369 0.362976 0.372416 0.418367 0.765514 0.959724 0.954764 0.848268 0.788689 0.499436 0.389198 0.420786 0.467726 0.523019 0.478681 0.392594 0.368679 0.377098 0.374908 0.376216 0.364851 0.366064 0.375739 0.362573 0.362375 0.352566 0.358889 0.358002 0.374375 0.385729 0.468527 0.799252 0.954718 0.968665 0.971709 0.953882 0.840350 0.746731 0.609842 0.551961 0.551912 0.536248 0.532110 
0.378875 0.369487 0.381394 0.383987 0.378031 0.394467 0.402001 0.356229 0.362892 0.380144 0.383052 0.392869 0.450698 0.645889 0.943162 0.947077 0.859090 0.797203 0.454433 0.350531 0.356618 0.386895 0.367181 0.361813 0.450667 0.809081 0.952802 0.955512 0.853646 0.788726 0.456788 0.402972 0.444911 0.527004 0.551360 0.510496 0.368253 0.343351 0.358303 0.360965 0.357779 0.370119 0.371089 0.379199 0.381010 0.365739 0.367717 0.347875 0.356898 0.363562 0.409994 0.484178 0.801170 0.958949 0.964389 0.968903 0.962174 0.864745 0.760397 0.606097 0.560531 0.552433 0.538426 0.512120 
0.363440 0.374129 0.367886 0.359739 0.363574 0.369630 0.374453 0.366864 0.377789 0.377271 0.379103 0.411234 0.470671 0.704216 0.941636 0.940666 0.848190 0.800710 0.482000 0.374571 0.370791 0.385187 0.369520 0.389455 0.481782 0.819559 0.955639 0.948084 0.836464 0.786954 0.483706 0.419437 0.480043 0.547034 0.542426 0.532322 0.396860 0.379840 0.372380 0.374578 0.365613 0.364436 0.371041 0.367039 0.366688 0.356454 0.353406 0.342835 0.347878 0.373543 0.398625 0.481802 0.801943 0.962409 0.966924 0.966477 0.956975 0.848512 0.742395 0.631062 0.558430 0.552780 0.540278 0.516816 
0.378151 0.383928 0.409600 0.377745 0.377781 0.390725 0.405753 0.392203 0.379219 0.371944 0.390986 0.393093 0.479886 0.773384 0.949747 0.932854 0.833124 0.793571 0.452111 0.361151 0.390190 0.392316 0.384058 0.403030 0.477165 0.802090 0.959391 0.942962 0.829283 0.782838 0.488455 0.482018 0.530164 0.562381 0.549639 0.532736 0.401860 0.380262 0.370011 0.370855 0.363402 0.356766 0.348009 0.341044 0.358144 0.388438 0.376549 0.380375 0.375758 0.372035 0.383222 0.489027 0.804018 0.963418 0.972986 0.968294 0.941735 0.823834 0.736345 0.632456 0.553291 0.555812 0.552792 0.533425 
0.364752 0.386192 0.390395 0.370489 0.373829 0.376713 0.393337 0.369876 0.350147 0.356173 0.362191 0.388074 0.474045 0.798719 0.947605 0.906569 0.824099 0.786453 0.425813 0.356431 0.393757 0.403616 0.381899 0.392575 0.481989 0.814887 0.947291 0.929561 0.848808 0.791324 0.472097 0.501732 0.537556 0.554806 0.552183 0.538523 0.400270 0.363998 0.361784 0.390363 0.370474 0.376456 0.359813 0.372417 0.381616 0.384170 0.385525 0.394673 0.396450 0.369221 0.388117 0.477185 0.809177 0.964132 0.974228 0.973661 0.954583 0.812628 0.739720 0.601099 0.566001 0.553924 0.556573 0.524052 
0.365035 0.361717 0.383483 0.358972 0.371243 0.384410 0.403038 0.375729 0.367849 0.365708 0.382917 0.424298 0.484352 0.777966 0.952496 0.939762 0.834123 0.789599 0.465064 0.377835 0.398459 0.422397 0.397957 0.407591 0.499063 0.861471 0.958973 0.930238 0.868488 0.798581 0.501868 0.517338 0.532164 0.548605 0.563594 0.493130 0.367824 0.367019 0.366927 0.380898 0.371286 0.386078 0.370393 0.362704 0.367450 0.363352 0.367123 0.373279 0.371990 0.361940 0.378980 0.488557 0.825008 0.963563 0.972946 0.971488 0.955339 0.814445 0.737395 0.618177 0.564887 0.542759 0.544871 0.530530 
0.376775 0.375962 0.377419 0.383941 0.388647 0.408892 0.413056 0.369575 0.367555 0.371295 0.365364 0.386209 0.473684 0.774785 0.952548 0.956522 0.863727 0.790280 0.505015 0.365125 0.401654 0.422395 0.409022 0.430744 0.527526 0.895449 0.960940 0.929302 0.874073 0.800205 0.520419 0.533337 0.547032 0.567369 0.568129 0.470831 0.356642 0.357998 0.385252 0.368491 0.356650 0.358963 0.360684 0.362456 0.364413 0.364313 0.359530 0.351493 0.361397 0.376685 0.389867 0.488442 0.856303 0.964351 0.966797 0.968914 0.956634 0.809995 0.712156 0.599974 0.558261 0.551092 0.549178 0.515915 
0.371957 0.359230 0.367011 0.375546 0.368664 0.388788 0.390769 0.356041 0.358489 0.359521 0.348321 0.373629 0.456473 0.777402 0.952374 0.955635 0.886333 0.794670 0.514132 0.373875 0.395429 0.400961 0.404570 0.452642 0.524027 0.864369 0.956988 0.932105 0.871822 0.800138 0.513316 0.528086 0.551741 0.564886 0.569644 0.506580 0.375103 0.361885 0.362686 0.358282 0.365858 0.370324 0.369045 0.351028 0.354287 0.388177 0.367168 0.356071 0.346253 0.353519 0.382794 0.500404 0.863277 0.965949 0.971659 0.965760 0.951143 0.815297 0.717405 0.593482 0.558859 0.554709 0.547808 0.494700 
0.373807 0.424458 0.412503 0.382891 0.373286 0.385670 0.398457 0.374977 0.376365 0.358784 0.375964 0.413027 0.490281 0.782965 0.948641 0.951978 0.880191 0.791447 0.508610 0.382174 0.386736 0.408545 0.416679 0.457139 0.512019 0.840073 0.953441 0.937309 0.852545 0.787360 0.508398 0.536344 0.557362 0.560755 0.598591 0.536903 0.385177 0.374252 0.371933 0.355477 0.375780 0.374050 0.374142 0.365031 0.369067 0.372591 0.370454 0.370450 0.376271 0.382701 0.432437 0.512738 0.850107 0.959675 0.971300 0.964428 0.946243 0.823168 0.721268 0.587188 0.547774 0.551855 0.543897 0.521986 
0.371820 0.404910 0.408871 0.379787 0.380984 0.381649 0.388117 0.369945 0.344663 0.350510 0.366191 0.403878 0.483192 0.800471 0.952389 0.942998 0.878161 0.788638 0.506218 0.385400 0.388590 0.438091 0.427457 0.455435 0.507701 0.843786 0.957555 0.938731 0.875694 0.791174 0.531007 0.560732 0.603651 0.614814 0.674085 0.598390 0.433460 0.363790 0.360968 0.357602 0.360540 0.365241 0.356704 0.354499 0.342646 0.350461 0.370878 0.384161 0.387815 0.373435 0.430811 0.520715 0.896472 0.967444 0.973580 0.968919 0.936621 0.823844 0.728442 0.609067 0.553896 0.557158 0.546570 0.535276 
0.368372 0.384091 0.367357 0.349887 0.338151 0.351411 0.365449 0.363318 0.367012 0.363989 0.376286 0.415486 0.496845 0.814608 0.956660 0.940646 0.875548 0.792845 0.498201 0.393885 0.404041 0.445597 0.452110 0.480249 0.534701 0.896413 0.964013 0.962262 0.902298 0.810986 0.594052 0.734623 0.826607 0.840606 0.819371 0.739119 0.439824 0.386553 0.399087 0.371783 0.379564 0.390466 0.377204 0.372053 0.370683 0.358051 0.355703 0.365915 0.363632 0.357501 0.387115 0.482691 0.876277 0.959902 0.972786 0.972294 0.941346 0.816204 0.732221 0.607136 0.551706 0.564346 0.543238 0.534161 
0.380718 0.373417 0.393185 0.380155 0.374146 0.430253 0.399799 0.394494 0.383669 0.363307 0.363835 0.415863 0.515476 0.848687 0.960948 0.938323 0.841953 0.795500 0.485245 0.416540 0.480248 0.544371 0.527556 0.547497 0.590940 0.930704 0.966960 0.961279 0.939809 0.932335 0.891328 0.956558 0.956581 0.944296 0.863214 0.776945 0.391416 0.380448 0.390785 0.368774 0.353882 0.349064 0.354802 0.374982 0.352944 0.388749 0.380061 0.362350 0.361276 0.376891 0.406030 0.505226 0.882785 0.966696 0.974339 0.972368 0.937622 0.809487 0.730884 0.603708 0.557504 0.541932 0.535391 0.518032 
0.348638 0.356550 0.369372 0.369962 0.366360 0.442623 0.372809 0.340149 0.351728 0.355126 0.378719 0.416307 0.499375 0.815072 0.946972 0.935966 0.869829 0.793669 0.543412 0.540672 0.592270 0.624558 0.722505 0.804408 0.864280 0.956793 0.961628 0.938609 0.939988 0.948809 0.933653 0.933393 0.915143 0.908075 0.830541 0.648323 0.369080 0.356929 0.344547 0.347957 0.356896 0.357046 0.367348 0.385729 0.372424 0.377658 0.363416 0.355126 0.361881 0.354214 0.386461 0.498615 0.888876 0.960226 0.973126 0.970516 0.925823 0.815185 0.735884 0.612090 0.558954 0.555325 0.545247 0.527463 
0.368282 0.376800 0.373184 0.366683 0.367213 0.416101 0.409021 0.357202 0.376196 0.356039 0.377391 0.437849 0.524953 0.817248 0.959391 0.943724 0.932057 0.901055 0.792155 0.835196 0.866014 0.902574 0.918771 0.918833 0.918209 0.925402 0.928691 0.901409 0.915819 0.916720 0.878481 0.852885 0.829404 0.831282 0.800941 0.642782 0.450034 0.361306 0.355704 0.368080 0.383061 0.377715 0.366243 0.350833 0.359956 0.345953 0.342409 0.351788 0.357376 0.356998 0.385258 0.492373 0.838250 0.955646 0.968083 0.966924 0.937168 0.830504 0.733934 0.613407 0.576061 0.554478 0.546244 0.534147 
0.376022 0.393040 0.377116 0.366334 0.377125 0.403912 0.412116 0.364566 0.353485 0.338290 0.369559 0.424620 0.529193 0.806645 0.956482 0.949804 0.943674 0.915315 0.916355 0.934518 0.918543 0.903892 0.878259 0.860675 0.854868 0.861814 0.868901 0.836509 0.840265 0.844081 0.818468 0.797236 0.781766 0.779384 0.752417 0.598965 0.439452 0.355991 0.359635 0.347708 0.367994 0.354660 0.348853 0.347995 0.355143 0.357175 0.352242 0.371916 0.379751 0.378411 0.404222 0.527716 0.871637 0.958025 0.965867 0.965316 0.937164 0.812571 0.728064 0.590643 0.563452 0.554676 0.545830 0.532874 
0.381328 0.368245 0.352781 0.351688 0.364196 0.387097 0.399481 0.352169 0.341513 0.343312 0.389064 0.515470 0.563180 0.814738 0.943220 0.935972 0.917061 0.912216 0.924934 0.924813 0.874747 0.845668 0.832834 0.823525 0.823588 0.812851 0.809035 0.788651 0.803969 0.791141 0.742001 0.705471 0.629559 0.504205 0.467656 0.483656 0.387406 0.354373 0.361985 0.375898 0.369983 0.376159 0.378209 0.398472 0.394255 0.374295 0.364514 0.364371 0.392265 0.382291 0.392100 0.545242 0.896445 0.950790 0.957706 0.962928 0.921888 0.806609 0.729481 0.580683 0.560331 0.547035 0.539359 0.508930 
