0.46952,0.3952,0.32945,0.31444,0.39919,0.26958,0.30243,0.33293,0.33266,0.26024,0.2927,0.34123,0.39095,0.41102,0.41556,0.3983,0.37586,0.34808,0.42087,0.3914,0.32339,0.26498,0.25301,0.18395,0.25814,0.087657,0.23026,0.12514,0.14188,0.18186,0.12369,0.090667,0.11031,0.15854,0.16548,0.10466,0.12977,0.10998,0.13841,0.18895,0.12733,0.14849,0.11973,0.12483,0.077887,0.114,0.11135,0.074964,0.12964,0.095975,0.10407,0.088681,0.070898,0.090121,0.050784,0.075445,0.11344,0.057677,0.10576,0.080595,0.094398,0.046087,0.04066,0.0014622
0.59431,0.42171,0.30942,0.36386,0.31406,0.33147,0.39458,0.40411,0.38015,0.38052,0.37073,0.43523,0.3639,0.41128,0.43141,0.32986,0.33931,0.3602,0.36465,0.44106,0.37597,0.41593,0.35478,0.26563,0.2977,0.20569,0.12782,0.1258,0.14623,0.098116,0.14696,0.21697,0.1202,0.10775,0.12827,0.057349,0.12686,0.063662,0.13792,0.12698,0.14315,0.13795,0.17404,0.15195,0.2275,0.1207,0.10659,0.07918,0.099573,0.094591,0.085803,0.057239,0.10062,0.039791,0.11892,0.12297,0.12578,0.023106,0.058698,0.0083916,0.078076,0.039688,0.077381,0.060304
0.38108,0.28803,0.30725,0.33682,0.42804,0.37305,0.40964,0.43377,0.39532,0.41921,0.33091,0.36953,0.30863,0.36057,0.42106,0.39505,0.46574,0.40972,0.36189,0.39075,0.39201,0.39345,0.36238,0.37601,0.33236,0.30049,0.18718,0.2171,0.15124,0.16559,0.069202,0.11439,0.18678,0.092857,0.10906,0.13312,0.11792,0.13238,0.15663,0.11294,0.14764,0.16808,0.14337,0.10662,0.14324,0.060813,0.10936,0.085182,0.1381,0.069984,0.055837,0.082501,0.14797,0.12847,0.087086,0.060299,0,0.026549,0.045757,0.059339,0.10657,0.089861,0.069344,0.013581
0.41833,0.31731,0.30356,0.37808,0.35146,0.30921,0.34892,0.33271,0.37466,0.36199,0.37224,0.33888,0.43387,0.41934,0.36112,0.34675,0.3548,0.36945,0.37705,0.29493,0.43048,0.50163,0.41552,0.34649,0.3992,0.34746,0.26274,0.21288,0.13195,0.13926,0.11431,0.20598,0.15261,0.097164,0.17293,0.16593,0.11371,0.18255,0.13779,0.19281,0.12709,0.2034,0.16525,0.16462,0.14142,0.12398,0.13351,0.07598,0.12142,0.12005,0.076668,0.064096,0.045585,0,0.082715,0.086077,0.08233,0.059199,0.085335,0.003539,0.029864,0.10079,0.0050902,0.035362
0.36762,0.32397,0.31884,0.50639,0.45062,0.40619,0.36895,0.39352,0.40896,0.38738,0.32389,0.32583,0.37429,0.31203,0.32665,0.32618,0.39512,0.36068,0.4272,0.46124,0.46128,0.43414,0.37274,0.35633,0.29478,0.33898,0.34987,0.3633,0.27559,0.27472,0.16324,0.20917,0.20311,0.15532,0.13645,0.087772,0.10934,0.082626,0.14914,0.13876,0.15329,0.22733,0.2222,0.16624,0.15084,0.12357,0.10371,0.18465,0.063818,0.1063,0.1191,0.12012,0.10934,0.12072,0.083336,0.066942,0.019707,0.031145,0.027789,0.079815,0.024925,0.013465,0.10128,0.074694
0.3553,0.39276,0.34009,0.43935,0.33844,0.37019,0.37325,0.41602,0.39247,0.2946,0.31633,0.30048,0.38694,0.38148,0.3807,0.42459,0.35662,0.36733,0.42256,0.43161,0.41918,0.34263,0.28086,0.32735,0.40051,0.42822,0.43813,0.42677,0.38466,0.40374,0.30315,0.16672,0.17112,0.14039,0.10044,0.11371,0.16836,0.10667,0.21855,0.1524,0.21138,0.18511,0.097395,0.19557,0.17645,0.064702,0.17117,0.21506,0.17705,0.17712,0.10024,0.078466,0.076735,0.086505,0.11653,0.075734,0.057723,0.052444,0.079017,0.033902,0.0097129,0.090818,0.091689,0.04956
0.47791,0.36601,0.38322,0.38443,0.35564,0.32255,0.31754,0.42285,0.46405,0.37327,0.3936,0.3407,0.35481,0.3486,0.42781,0.37133,0.38197,0.36485,0.40356,0.36146,0.37042,0.37849,0.37091,0.39134,0.39382,0.37721,0.33137,0.44177,0.3148,0.42818,0.414,0.35976,0.3631,0.18622,0.20222,0.1522,0.08102,0.12549,0.17881,0.16258,0.084635,0.13004,0.15661,0.14396,0.16774,0.17029,0.1337,0.17859,0.17984,0.18633,0.14722,0.20297,0.076267,0.11044,0.089966,0.1699,0.14426,0.077912,0.13385,0.066412,0.032152,0.088743,0.10459,0.059148
0.45776,0.37002,0.36977,0.38849,0.37668,0.37988,0.39797,0.4339,0.45208,0.35042,0.3854,0.34267,0.26382,0.26619,0.40096,0.40266,0.44123,0.43438,0.38588,0.40927,0.39063,0.34578,0.36026,0.29333,0.38006,0.3627,0.34871,0.3328,0.45286,0.41549,0.42337,0.42895,0.4077,0.27434,0.27308,0.13201,0.19099,0.15667,0.14792,0.155,0.15827,0.13381,0.114,0.14322,0.097309,0.12057,0.11384,0.13603,0.087694,0.13119,0.1642,0.12333,0.14585,0.12884,0.093063,0.15989,0.059211,0.056157,0.14287,0.08678,0.11952,0.069795,0.059796,0.027686
0.51539,0.3347,0.29861,0.3801,0.34856,0.2566,0.33952,0.43829,0.3002,0.34468,0.3549,0.35571,0.38531,0.41808,0.41162,0.40702,0.33849,0.41474,0.33063,0.36543,0.35429,0.35036,0.38562,0.37288,0.40633,0.41527,0.36358,0.42819,0.39911,0.38706,0.36234,0.40045,0.29076,0.31645,0.43577,0.31322,0.18451,0.1204,0.14943,0.13238,0.19927,0.12485,0.1855,0.18461,0.1465,0.22143,0.17935,0.17336,0.081009,0.12074,0.14776,0.10019,0.13996,0.059649,0.18977,0.17039,0.069659,0.15795,0.083376,0.09935,0.077607,0.1636,0.077726,0.087127
0.47305,0.39682,0.42672,0.4423,0.37176,0.41052,0.33628,0.4604,0.33976,0.39869,0.37352,0.3906,0.3891,0.35556,0.30799,0.3281,0.44135,0.32026,0.36534,0.40323,0.44762,0.3523,0.44306,0.36205,0.37215,0.32791,0.38471,0.42192,0.41025,0.39941,0.38441,0.45659,0.39762,0.45494,0.40141,0.31482,0.3054,0.25447,0.22809,0.16136,0.13517,0.25315,0.18504,0.24004,0.13425,0.20441,0.13755,0.10017,0.15715,0.0995,0.15719,0.11951,0.11777,0.1347,0.17591,0.10536,0.12292,0.10836,0.020277,0.16569,0.081598,0.12119,0.02839,0.12075
0.3372,0.29425,0.34068,0.44342,0.3948,0.35441,0.33998,0.38759,0.43634,0.38515,0.2939,0.30892,0.40105,0.41084,0.39189,0.39157,0.38469,0.37672,0.39724,0.39632,0.35516,0.34382,0.39605,0.348,0.3803,0.43982,0.44625,0.4274,0.48047,0.54122,0.43064,0.30575,0.37372,0.39115,0.34271,0.33482,0.42984,0.36014,0.36458,0.29705,0.21594,0.10926,0.15813,0.12388,0.14996,0.14619,0.089653,0.099282,0.13213,0.14145,0.16977,0.13806,0.10525,0.099885,0.076615,0.12977,0.091036,0.11304,0.078369,0.15259,0.12405,0.16014,0.12302,0.14521
0.61553,0.34113,0.3425,0.38401,0.31919,0.30271,0.31738,0.43865,0.33301,0.36268,0.38968,0.43247,0.43876,0.42985,0.45832,0.433,0.39823,0.33887,0.41273,0.35956,0.35375,0.40359,0.347,0.33135,0.36178,0.44243,0.36169,0.42035,0.41954,0.41309,0.4002,0.44388,0.39921,0.50968,0.50356,0.41855,0.47201,0.40368,0.37626,0.33752,0.26972,0.23125,0.12993,0.16296,0.17693,0.11983,0.14927,0.1692,0.17132,0.080208,0.11583,0.1054,0.13108,0.048091,0.15273,0.18273,0.16004,0.13898,0.1919,0.10908,0.047661,0.09844,0.1432,0.10057
0.49221,0.32374,0.36385,0.38416,0.39874,0.41096,0.37086,0.44343,0.40993,0.37687,0.46614,0.43848,0.4132,0.33644,0.36824,0.34749,0.40905,0.41768,0.49379,0.42335,0.48807,0.36743,0.39144,0.35306,0.34095,0.35653,0.32518,0.41476,0.40113,0.48679,0.42157,0.48828,0.49223,0.35366,0.37598,0.42415,0.35794,0.31094,0.41567,0.31372,0.33677,0.38509,0.34658,0.28263,0.17883,0.17138,0.21207,0.081322,0.13172,0.11003,0.1507,0.14442,0.077514,0.11309,0.1272,0.10435,0.1563,0.16041,0.13593,0.13588,0.16247,0.18592,0.11893,0.098039
0.39465,0.33946,0.30456,0.32914,0.36141,0.31236,0.43262,0.52089,0.35866,0.39076,0.45162,0.39381,0.36179,0.2883,0.37486,0.43976,0.42924,0.38836,0.37023,0.36033,0.4055,0.34524,0.32369,0.40403,0.39915,0.4083,0.4233,0.43212,0.39188,0.39858,0.38521,0.36253,0.39643,0.38823,0.3605,0.43884,0.43652,0.4527,0.44264,0.4426,0.44874,0.40134,0.38843,0.38851,0.24413,0.22382,0.18471,0.20714,0.11789,0.11738,0.18727,0.1523,0.044306,0.080954,0.10087,0.16707,0.11846,0.14865,0.14045,0.10709,0.21486,0.17034,0.13442,0.068995
0.38573,0.36311,0.31337,0.41609,0.40699,0.37364,0.42086,0.40161,0.43914,0.37483,0.40539,0.46805,0.35587,0.40528,0.36884,0.39372,0.43572,0.40469,0.3836,0.3605,0.44723,0.45035,0.44812,0.44461,0.38223,0.32072,0.38518,0.38764,0.30766,0.37541,0.35563,0.38708,0.40677,0.41795,0.39816,0.34662,0.38034,0.4018,0.39849,0.39444,0.42419,0.37934,0.39291,0.4063,0.45235,0.35861,0.2642,0.09508,0.092488,0.16262,0.1277,0.075248,0.18544,0.12402,0.15999,0.15821,0.15155,0.12956,0.14591,0.14574,0.1105,0.065452,0.108,0.17431
0.31754,0.329,0.34851,0.37805,0.40854,0.33423,0.41317,0.43088,0.39446,0.35322,0.33401,0.35784,0.29506,0.32613,0.39201,0.42251,0.48369,0.36739,0.36952,0.44165,0.36485,0.43071,0.39074,0.31963,0.35768,0.36202,0.37964,0.43717,0.41716,0.43838,0.39815,0.36702,0.36575,0.37133,0.32561,0.35845,0.36632,0.39167,0.47933,0.39472,0.44754,0.45807,0.39357,0.47017,0.36899,0.31084,0.28535,0.29704,0.22499,0.19487,0.16398,0.12677,0.1517,0.15563,0.156,0.10008,0.091801,0.06956,0.13897,0.13643,0.16566,0.10395,0.14576,0.1877
0.44859,0.44153,0.32567,0.37475,0.37818,0.39848,0.33814,0.34855,0.3415,0.40163,0.36839,0.40418,0.40681,0.36806,0.38312,0.37999,0.37309,0.32479,0.41666,0.36333,0.35451,0.4268,0.41255,0.38961,0.45655,0.34144,0.33107,0.34691,0.40464,0.34644,0.34181,0.33897,0.33092,0.4249,0.42537,0.45489,0.43876,0.43462,0.47753,0.34852,0.38347,0.39179,0.32786,0.38405,0.45492,0.42128,0.41144,0.46335,0.4135,0.30341,0.24875,0.12687,0.099769,0.12418,0.087996,0.15557,0.13398,0.13617,0.19481,0.13842,0.093369,0.18023,0.18879,0.14998
0.50521,0.38911,0.35451,0.38086,0.38724,0.43824,0.43463,0.41846,0.41528,0.46727,0.41413,0.37973,0.44015,0.38713,0.34549,0.35793,0.31958,0.40314,0.38276,0.45188,0.42427,0.3196,0.30164,0.35957,0.44306,0.39109,0.28612,0.3718,0.35235,0.42474,0.42511,0.45138,0.45557,0.42322,0.3502,0.38852,0.38006,0.36828,0.30312,0.38835,0.38379,0.38368,0.43343,0.40384,0.32875,0.36651,0.32446,0.36686,0.36649,0.35708,0.34453,0.31549,0.16456,0.15396,0.18461,0.18511,0.1528,0.16205,0.18264,0.1591,0.21438,0.30251,0.31335,0.27731
0.44121,0.3191,0.27628,0.29603,0.32656,0.25065,0.37209,0.40023,0.35414,0.40366,0.32243,0.37417,0.4029,0.36852,0.32703,0.50817,0.41863,0.45672,0.39766,0.36403,0.33976,0.31735,0.40015,0.39346,0.37346,0.40212,0.44083,0.35274,0.39117,0.36932,0.29236,0.40319,0.35061,0.32367,0.3954,0.42071,0.39109,0.46124,0.35716,0.36015,0.33925,0.36052,0.32775,0.3113,0.28641,0.3317,0.37617,0.32118,0.39283,0.3405,0.45148,0.38507,0.33803,0.23408,0.22356,0.18223,0.22935,0.20234,0.20205,0.29196,0.4582,0.35923,0.43725,0.47944
0.4247,0.41334,0.3686,0.47777,0.33326,0.33798,0.36438,0.43727,0.37093,0.41343,0.35473,0.44063,0.37779,0.35123,0.32746,0.34281,0.3419,0.36009,0.34357,0.3403,0.40627,0.44192,0.44184,0.38994,0.43076,0.36592,0.37529,0.36622,0.36027,0.29735,0.36791,0.36296,0.34217,0.51098,0.43297,0.41028,0.41759,0.41747,0.30602,0.25974,0.24963,0.28006,0.37413,0.36051,0.4378,0.38206,0.39752,0.4258,0.31907,0.38473,0.32923,0.26181,0.23318,0.31,0.22466,0.31927,0.40371,0.39556,0.4079,0.40428,0.51075,0.47693,0.52845,0.55784
0.34526,0.32093,0.32215,0.40806,0.35485,0.33568,0.40486,0.48231,0.38858,0.38,0.43832,0.45168,0.40634,0.37706,0.31348,0.32508,0.38922,0.37897,0.44077,0.3826,0.37267,0.40354,0.46579,0.28008,0.33849,0.32834,0.36767,0.36687,0.44073,0.43536,0.35815,0.38695,0.38242,0.38632,0.39035,0.32478,0.44767,0.40717,0.31671,0.42718,0.40073,0.45919,0.44964,0.41083,0.39305,0.33722,0.31517,0.36829,0.39661,0.31291,0.3434,0.14442,0.19503,0.3667,0.35701,0.38551,0.46884,0.51344,0.49781,0.50056,0.51418,0.54348,0.5602,0.62968
0.3417,0.37957,0.37686,0.37018,0.37561,0.33272,0.3666,0.39498,0.29095,0.39172,0.28851,0.38037,0.36097,0.42673,0.41795,0.45162,0.34423,0.38634,0.38583,0.33279,0.36306,0.35211,0.42469,0.37874,0.37702,0.33341,0.45503,0.37042,0.35743,0.3247,0.34563,0.36398,0.34404,0.35151,0.36807,0.40137,0.42993,0.40413,0.39094,0.38154,0.38202,0.38053,0.33446,0.33825,0.34693,0.40491,0.37812,0.35413,0.41908,0.38748,0.34109,0.22728,0.17341,0.35156,0.50147,0.47232,0.52062,0.59659,0.56498,0.60558,0.55435,0.6181,0.55524,0.50853
0.45285,0.41188,0.41309,0.38531,0.36872,0.39067,0.46027,0.41278,0.40107,0.4797,0.36935,0.34037,0.3125,0.3282,0.37416,0.33772,0.33208,0.32814,0.40084,0.47354,0.40391,0.42722,0.38584,0.34673,0.36022,0.31415,0.33236,0.32737,0.36945,0.32715,0.41039,0.37811,0.37861,0.37538,0.41622,0.41247,0.39676,0.32028,0.33014,0.38015,0.32255,0.37195,0.39133,0.47529,0.42852,0.40319,0.33983,0.36472,0.34301,0.33219,0.34486,0.21893,0.13343,0.44967,0.54936,0.53266,0.54726,0.50947,0.49089,0.42435,0.44302,0.41859,0.42922,0.44887
0.40909,0.31632,0.32898,0.29806,0.34463,0.39795,0.43776,0.46154,0.32066,0.45043,0.2934,0.29156,0.3523,0.29346,0.43923,0.40409,0.48561,0.3972,0.47873,0.43816,0.41433,0.37093,0.27757,0.26945,0.37536,0.37468,0.43445,0.32196,0.37491,0.37225,0.38373,0.41024,0.36755,0.37524,0.40339,0.35088,0.34292,0.44014,0.44367,0.39489,0.39224,0.37856,0.42303,0.37473,0.37497,0.34999,0.34802,0.33676,0.2631,0.40809,0.31817,0.36245,0.2379,0.5618,0.63008,0.50593,0.41962,0.42363,0.37201,0.44676,0.35563,0.41641,0.39168,0.346
0.32831,0.29174,0.32292,0.3794,0.35842,0.32097,0.47006,0.44426,0.3249,0.4117,0.39888,0.46857,0.37764,0.36741,0.40883,0.485,0.34049,0.3558,0.28734,0.33553,0.42516,0.37916,0.31931,0.43262,0.38923,0.45618,0.43221,0.33744,0.33042,0.3163,0.34678,0.34141,0.32958,0.2846,0.34804,0.32769,0.36878,0.4518,0.42804,0.38281,0.30008,0.36625,0.39236,0.35206,0.34498,0.32877,0.3518,0.41545,0.39171,0.38136,0.41432,0.37283,0.38509,0.66006,0.7443,0.63954,0.58461,0.42524,0.30125,0.18979,0.23265,0.23165,0.23088,0.21426
0.32881,0.25364,0.3323,0.43267,0.41545,0.45208,0.43962,0.4619,0.46109,0.44689,0.38994,0.38107,0.3396,0.3252,0.34267,0.4029,0.35984,0.42029,0.40634,0.3342,0.37028,0.3559,0.38601,0.34458,0.32794,0.36978,0.39464,0.34313,0.41371,0.35109,0.3879,0.37246,0.30933,0.36813,0.4022,0.43376,0.40806,0.40218,0.33026,0.39312,0.37456,0.46108,0.41046,0.41855,0.41362,0.37631,0.32535,0.28754,0.30943,0.35827,0.32425,0.26234,0.43382,0.70526,0.87477,0.67349,0.64722,0.4885,0.20541,0.25206,0.23014,0.28154,0.3039,0.31094
0.33025,0.2542,0.36741,0.43945,0.3742,0.34233,0.41143,0.40913,0.28843,0.33032,0.33397,0.36883,0.40202,0.47114,0.38652,0.39478,0.42236,0.34186,0.45356,0.32135,0.34609,0.3295,0.35889,0.36473,0.34349,0.37292,0.34728,0.30942,0.36837,0.39153,0.47068,0.45605,0.43056,0.5214,0.57002,0.52074,0.45919,0.40605,0.3821,0.46989,0.41293,0.38859,0.35954,0.32141,0.34263,0.27977,0.31871,0.33707,0.40735,0.45953,0.37676,0.36148,0.49246,0.80534,0.76889,0.73569,0.6552,0.46464,0.29824,0.20716,0.22487,0.23187,0.3054,0.31672
0.38147,0.37762,0.38126,0.37201,0.38032,0.3679,0.38949,0.4097,0.36428,0.42307,0.34624,0.33049,0.36464,0.43872,0.41691,0.34412,0.39589,0.33498,0.32128,0.3751,0.39032,0.34538,0.39061,0.40084,0.33473,0.39068,0.43588,0.45331,0.44315,0.48175,0.47749,0.53563,0.48012,0.46856,0.34525,0.37356,0.36013,0.3477,0.38822,0.40026,0.29603,0.32961,0.2842,0.41188,0.37628,0.41621,0.42923,0.38627,0.37373,0.35843,0.36816,0.335,0.52312,0.8866,0.86511,0.75854,0.71417,0.5228,0.28357,0.26012,0.28726,0.33236,0.28426,0.3171
0.36683,0.36362,0.33495,0.32389,0.39253,0.41208,0.48202,0.37661,0.40276,0.48956,0.37094,0.28669,0.27521,0.28853,0.31718,0.29035,0.36731,0.34799,0.38062,0.37447,0.44028,0.44177,0.39451,0.416,0.4234,0.51225,0.64557,0.59543,0.47242,0.3896,0.30926,0.29823,0.34888,0.36391,0.30958,0.33418,0.2766,0.32471,0.33429,0.39153,0.38855,0.34752,0.36573,0.40003,0.36923,0.40998,0.34311,0.27426,0.29535,0.25913,0.33453,0.36953,0.54681,0.93997,0.94727,0.78933,0.70452,0.56285,0.31882,0.33588,0.25562,0.23201,0.3573,0.36345
0.32147,0.42254,0.37793,0.38031,0.31484,0.3323,0.4336,0.41508,0.32571,0.3917,0.39957,0.23858,0.1224,0.10465,0.20297,0.23458,0.41233,0.48193,0.4073,0.51566,0.50813,0.527,0.52234,0.49351,0.43314,0.44942,0.55551,0.5976,0.43912,0.26559,0.1476,0.18997,0.28766,0.25341,0.37294,0.36259,0.39274,0.47334,0.35329,0.39497,0.33774,0.32369,0.3376,0.31522,0.2877,0.33963,0.32791,0.41314,0.33415,0.36276,0.43569,0.3749,0.56497,0.90565,0.96091,0.82467,0.75153,0.64177,0.40186,0.3742,0.27512,0.32305,0.28714,0.36295
0.38005,0.35321,0.4063,0.4748,0.36364,0.43568,0.47978,0.45408,0.45713,0.40773,0.40595,0.30641,0.2388,0.013207,0.27601,0.42797,0.49681,0.51496,0.51304,0.46699,0.42596,0.37486,0.28159,0.26168,0.15987,0.28806,0.66177,0.65182,0.4624,0.2759,0.18243,0.18605,0.2374,0.32795,0.29235,0.34596,0.3605,0.36118,0.32435,0.30012,0.30964,0.35974,0.35395,0.41541,0.43871,0.32975,0.39336,0.32051,0.43642,0.36619,0.32835,0.3179,0.52293,0.90468,0.98103,0.95,0.8245,0.5571,0.37083,0.37269,0.32676,0.33175,0.31276,0.40667
0.2654,0.3076,0.36685,0.38939,0.34252,0.39011,0.44488,0.40548,0.36339,0.38663,0.32174,0.2845,0.34137,0.092517,0.27721,0.53094,0.40692,0.29987,0.27293,0.16599,0.13557,0.11641,0.059333,0.058493,0.10412,0.31681,0.65754,0.67081,0.52238,0.32441,0.24693,0.14941,0.2895,0.31644,0.3063,0.33086,0.38316,0.34789,0.38076,0.43419,0.34587,0.33062,0.39848,0.35091,0.38221,0.35117,0.28683,0.29314,0.30367,0.33524,0.39257,0.37352,0.5944,0.9329,0.96777,0.96238,0.85647,0.59443,0.46067,0.44794,0.3375,0.326,0.31613,0.36395
0.34609,0.34935,0.38177,0.32667,0.36172,0.29364,0.34829,0.38548,0.39516,0.38463,0.44098,0.36457,0.41376,0.23072,0.4305,0.64618,0.43814,0.32632,0.20498,0.08354,0.037372,0.02765,0.058001,0.049683,0.11632,0.22957,0.67217,0.78191,0.47155,0.3135,0.3255,0.24617,0.25408,0.37504,0.31876,0.43017,0.4105,0.42218,0.37806,0.40118,0.3222,0.33736,0.30051,0.29858,0.32585,0.32988,0.37098,0.36002,0.37925,0.35966,0.40992,0.48309,0.63904,0.98553,1,0.95119,0.88879,0.6191,0.39067,0.4061,0.34532,0.34933,0.43794,0.36985
0.32077,0.26289,0.32514,0.34348,0.30657,0.3228,0.42424,0.37575,0.38862,0.41873,0.3952,0.33962,0.31999,0.28515,0.48873,0.64359,0.44305,0.33009,0.22023,0.088821,0.041743,0.029866,0.069853,0.095037,0.11115,0.35123,0.77257,0.80776,0.53025,0.41224,0.25806,0.35141,0.37566,0.33761,0.40496,0.36649,0.38619,0.34957,0.36735,0.37087,0.3761,0.42433,0.36943,0.36787,0.41096,0.40163,0.31006,0.38985,0.30705,0.32766,0.34809,0.40645,0.64148,0.96593,0.95448,0.99122,0.93495,0.64618,0.53252,0.40974,0.31849,0.4215,0.43335,0.41035
0.26444,0.32131,0.27743,0.30792,0.31766,0.41073,0.43158,0.33661,0.32287,0.37348,0.43129,0.34725,0.34553,0.36015,0.55696,0.74868,0.4464,0.39681,0.29267,0.066016,0.075563,0.045959,0.070778,0.14018,0.20532,0.45417,0.9096,0.95712,0.56765,0.49587,0.35383,0.27757,0.32591,0.36477,0.34669,0.42737,0.42513,0.39076,0.3982,0.4087,0.35491,0.34738,0.39296,0.33249,0.36632,0.29554,0.35676,0.24756,0.36958,0.34733,0.39888,0.39066,0.59034,0.95747,0.9841,1,1,0.7273,0.47017,0.49577,0.36693,0.37505,0.35708,0.35741
0.41979,0.32872,0.50446,0.41096,0.29033,0.36077,0.42342,0.43782,0.36369,0.38352,0.42469,0.42462,0.40877,0.45757,0.68756,0.7852,0.5508,0.4916,0.34824,0.16865,0.068254,0.039586,0.22696,0.16307,0.25362,0.44659,0.99501,0.95558,0.77626,0.44148,0.32734,0.32751,0.37956,0.40205,0.38254,0.40476,0.38266,0.3677,0.36757,0.292,0.34031,0.29219,0.36661,0.4027,0.38336,0.34444,0.40075,0.41451,0.38509,0.36583,0.3914,0.48104,0.64034,0.99087,1,0.94261,0.96667,0.75479,0.56218,0.46486,0.47761,0.45162,0.40772,0.40607
0.33431,0.37294,0.47693,0.40515,0.41216,0.4055,0.39782,0.45768,0.3469,0.32178,0.39413,0.3227,0.37524,0.477,0.86175,0.85435,0.57755,0.5112,0.23532,0.13974,0.028901,0.10063,0.2148,0.18711,0.18989,0.57654,0.91344,0.94699,0.76754,0.52982,0.39231,0.29257,0.36761,0.3952,0.41458,0.43926,0.34285,0.33309,0.36174,0.47047,0.45919,0.41111,0.42606,0.41536,0.40102,0.39136,0.3168,0.30202,0.33191,0.28859,0.31119,0.32778,0.63214,0.96273,0.98952,1,0.98718,0.85119,0.5986,0.48546,0.57585,0.57564,0.42342,0.39511
0.33367,0.33505,0.41196,0.36039,0.3401,0.37535,0.37976,0.39039,0.36017,0.39222,0.39274,0.4055,0.3985,0.49376,0.82914,0.92961,0.68682,0.50354,0.2612,0.14085,0.11984,0.17458,0.21998,0.2464,0.22241,0.57229,0.95565,0.98953,0.81322,0.55899,0.3249,0.29707,0.40303,0.38281,0.40778,0.44494,0.45164,0.41267,0.42231,0.42694,0.44414,0.41507,0.38219,0.3156,0.31079,0.30799,0.31958,0.30548,0.40401,0.41042,0.43616,0.44395,0.7397,0.92489,0.96357,0.92645,0.99355,0.86628,0.61729,0.59028,0.47872,0.61576,0.48224,0.46485
0.42881,0.39423,0.37365,0.38111,0.36317,0.40024,0.44279,0.41818,0.39955,0.36969,0.35591,0.3135,0.40388,0.52894,0.85474,0.98057,0.74666,0.5239,0.31481,0.17856,0.12558,0.19763,0.27134,0.30473,0.27083,0.6059,0.92087,0.99196,0.86432,0.63468,0.35778,0.28966,0.33222,0.32686,0.45548,0.43031,0.41751,0.34193,0.31565,0.37683,0.34565,0.31585,0.36177,0.41703,0.36028,0.41974,0.47342,0.40755,0.41241,0.38602,0.3779,0.41936,0.6886,0.98752,0.98705,0.93712,1,0.91077,0.65696,0.65276,0.49541,0.50138,0.51338,0.4328
0.28107,0.31239,0.33017,0.30123,0.3553,0.36804,0.43932,0.34442,0.33345,0.36527,0.3067,0.33686,0.33486,0.48687,0.88388,0.91905,0.80777,0.51778,0.30332,0.14581,0.10401,0.22849,0.23739,0.21683,0.27911,0.63966,1,0.96296,0.84519,0.71844,0.38376,0.32639,0.43083,0.36755,0.44534,0.46841,0.37812,0.38997,0.32418,0.42895,0.44336,0.37488,0.36295,0.3974,0.38139,0.41315,0.48455,0.37051,0.39357,0.34606,0.37909,0.38291,0.74679,0.98154,0.96762,1,0.99563,0.90126,0.73552,0.63628,0.51395,0.52697,0.4192,0.4173
0.36548,0.40625,0.43576,0.34991,0.26216,0.35392,0.47185,0.39274,0.4054,0.40545,0.34475,0.36551,0.4168,0.62001,0.96303,0.97102,0.81689,0.60456,0.33141,0.14889,0.088041,0.20767,0.25689,0.21308,0.29514,0.66988,0.96694,1,0.82965,0.73799,0.49241,0.43106,0.46493,0.43708,0.47963,0.52413,0.52516,0.39528,0.39731,0.33344,0.39471,0.37451,0.34157,0.36671,0.33163,0.46569,0.37996,0.36647,0.35714,0.37669,0.3577,0.43045,0.76753,0.96369,0.95869,0.99911,1,0.97784,0.69909,0.56725,0.48798,0.4618,0.54207,0.44349
0.35549,0.37208,0.51106,0.40115,0.40385,0.39829,0.45038,0.46084,0.38723,0.36428,0.33412,0.36967,0.39476,0.60589,0.90584,0.93415,0.83297,0.63303,0.29345,0.151,0.078325,0.19341,0.29926,0.27547,0.33418,0.66783,0.93977,1,0.82233,0.76061,0.53367,0.3531,0.35891,0.45528,0.43415,0.44163,0.43121,0.42169,0.33369,0.34079,0.34219,0.34622,0.40695,0.39644,0.41967,0.48594,0.42359,0.32783,0.39802,0.33613,0.31669,0.4283,0.74252,0.95342,1,0.98085,0.99343,0.96745,0.70062,0.6157,0.50475,0.5466,0.51043,0.50116
0.36205,0.36745,0.38246,0.35266,0.28262,0.41548,0.47077,0.34362,0.36019,0.34625,0.35834,0.38452,0.40688,0.60522,0.92595,0.93706,0.83566,0.74442,0.35127,0.19109,0.15745,0.26887,0.26583,0.30765,0.35665,0.65557,0.96932,0.94765,0.81921,0.77807,0.52908,0.35609,0.41341,0.4504,0.48734,0.48136,0.39497,0.3953,0.39041,0.52861,0.46394,0.36701,0.37267,0.45637,0.42031,0.2935,0.27446,0.33424,0.37693,0.31895,0.37365,0.47837,0.70272,0.94926,0.9714,0.98919,1,0.88095,0.75637,0.65667,0.57966,0.56312,0.51011,0.60084
0.37302,0.39768,0.30621,0.35299,0.29537,0.37501,0.44003,0.36065,0.32956,0.44995,0.36787,0.3815,0.35481,0.55696,0.89212,0.93406,0.83961,0.78545,0.47325,0.21193,0.18749,0.28739,0.3044,0.33787,0.33648,0.66892,0.94954,0.94722,0.82354,0.66054,0.49178,0.38307,0.39837,0.42197,0.43649,0.41189,0.38296,0.29124,0.36218,0.40662,0.34011,0.39638,0.34441,0.32853,0.41447,0.36489,0.3976,0.38613,0.40213,0.347,0.41156,0.48895,0.77684,0.96572,0.95938,1,1,0.83236,0.73748,0.66208,0.5032,0.53446,0.56118,0.52357
0.30785,0.37816,0.30054,0.34118,0.36566,0.46615,0.50958,0.35979,0.37712,0.39235,0.29572,0.31863,0.38451,0.54635,0.97473,0.97351,0.8135,0.82932,0.46308,0.27388,0.20075,0.31489,0.34101,0.33815,0.38071,0.70391,0.98473,0.96252,0.74535,0.69398,0.53847,0.38129,0.44629,0.52907,0.5108,0.47017,0.34228,0.34628,0.32632,0.39527,0.3639,0.41149,0.3845,0.34864,0.38197,0.43346,0.3845,0.34078,0.36371,0.36404,0.37424,0.3963,0.77645,0.94117,0.95933,0.96138,0.94994,0.88481,0.74944,0.68064,0.56161,0.55232,0.56432,0.52991
0.37335,0.34582,0.40719,0.27292,0.29962,0.42317,0.46875,0.34929,0.31309,0.3604,0.32784,0.3395,0.44989,0.55798,0.92574,0.92512,0.86846,0.791,0.46422,0.24163,0.22717,0.34789,0.38363,0.27603,0.2863,0.66975,0.94385,0.96084,0.80231,0.73079,0.50343,0.43099,0.40328,0.46039,0.4818,0.54708,0.48396,0.37807,0.40433,0.4127,0.46606,0.38703,0.35512,0.36522,0.36661,0.26405,0.34596,0.38483,0.44138,0.34432,0.35986,0.42927,0.73598,0.95028,0.98707,1,0.93915,0.90455,0.70334,0.67586,0.58959,0.63354,0.56751,0.54124
0.39143,0.32344,0.46489,0.4213,0.39849,0.39484,0.48592,0.44018,0.36313,0.35549,0.36363,0.44282,0.44863,0.75277,0.94972,0.91609,0.88254,0.83576,0.47828,0.3545,0.24574,0.33155,0.30873,0.34952,0.34294,0.69908,0.93102,0.98084,0.85156,0.78513,0.55029,0.46088,0.46134,0.50782,0.5291,0.52138,0.40512,0.37269,0.33719,0.37529,0.34956,0.39157,0.36149,0.41334,0.31477,0.40805,0.34738,0.40267,0.48641,0.30845,0.41767,0.42381,0.75365,0.91388,0.93594,1,0.92659,0.85173,0.72003,0.65836,0.52436,0.50878,0.50667,0.58426
0.37739,0.31982,0.39976,0.40242,0.37895,0.3297,0.394,0.32712,0.32679,0.32072,0.34814,0.48382,0.50112,0.70114,0.90285,0.96721,0.8211,0.82955,0.45622,0.24203,0.24458,0.35528,0.29758,0.3271,0.41231,0.72393,0.9631,0.94722,0.78747,0.78538,0.49402,0.34337,0.48257,0.4673,0.49697,0.49699,0.32516,0.35331,0.38865,0.43672,0.37856,0.34445,0.38064,0.43052,0.35826,0.32523,0.30701,0.3007,0.32761,0.29741,0.33505,0.39297,0.75698,0.94449,0.93118,0.98181,1,0.83907,0.73038,0.58065,0.58248,0.58501,0.54797,0.4983
0.44239,0.45066,0.4037,0.35174,0.40701,0.40442,0.44915,0.33982,0.3668,0.38859,0.38328,0.47308,0.5173,0.67852,0.95997,0.93074,0.91012,0.78723,0.52288,0.29717,0.2745,0.42422,0.32765,0.37874,0.38693,0.75665,1,0.97233,0.8424,0.80945,0.54211,0.38196,0.47143,0.46195,0.55229,0.50327,0.43428,0.34653,0.39381,0.37231,0.39438,0.34252,0.34567,0.38964,0.33262,0.35151,0.30429,0.34366,0.32012,0.39107,0.38956,0.47866,0.81916,0.93897,0.98934,0.99487,0.95176,0.81302,0.73714,0.63254,0.53267,0.57081,0.51445,0.58825
0.39262,0.34598,0.40246,0.415,0.37479,0.4386,0.47688,0.29662,0.3381,0.40024,0.4011,0.40445,0.42284,0.62282,0.94527,0.94998,0.838,0.815,0.43243,0.30144,0.31391,0.43169,0.35341,0.31301,0.44053,0.83876,0.91747,0.98288,0.85959,0.78372,0.41965,0.42987,0.48229,0.5524,0.59758,0.53626,0.33938,0.26147,0.335,0.33809,0.31567,0.37538,0.36285,0.39358,0.4086,0.34089,0.37703,0.284,0.33693,0.32376,0.478,0.48121,0.79233,0.97916,0.94245,0.96894,1,0.88571,0.78839,0.57648,0.58385,0.56884,0.53687,0.51357
0.33023,0.38793,0.34807,0.32393,0.34382,0.35577,0.37221,0.34723,0.39296,0.3851,0.37118,0.47922,0.47438,0.68442,0.90758,0.93301,0.83028,0.84939,0.52118,0.37681,0.35527,0.41716,0.34719,0.4067,0.50021,0.83527,0.95323,0.95534,0.81009,0.80052,0.50064,0.41254,0.48437,0.57471,0.5184,0.58091,0.41922,0.39682,0.36581,0.38516,0.34831,0.34213,0.37576,0.35333,0.36222,0.3172,0.31919,0.2794,0.28694,0.38023,0.43092,0.46711,0.79974,1,0.95942,0.95615,0.98895,0.84517,0.71211,0.6591,0.55648,0.56965,0.52834,0.52767
0.39351,0.3894,0.50212,0.37338,0.38307,0.42507,0.472,0.42965,0.3932,0.35616,0.44412,0.39467,0.4999,0.76592,0.94539,0.94707,0.80402,0.80244,0.46302,0.31128,0.43718,0.42116,0.39493,0.44861,0.45792,0.78489,0.99826,0.95457,0.79041,0.77652,0.48661,0.50436,0.54372,0.62746,0.54989,0.55354,0.41711,0.39701,0.36193,0.36687,0.34531,0.32414,0.29882,0.26432,0.31937,0.4419,0.37406,0.40144,0.37739,0.36641,0.37016,0.52188,0.79368,0.99923,1,0.97095,0.92379,0.80788,0.7271,0.6752,0.52321,0.58432,0.57212,0.56332
0.33032,0.42532,0.42063,0.35772,0.37808,0.37064,0.43488,0.3606,0.28801,0.32568,0.32845,0.39296,0.45631,0.82603,0.93547,0.85187,0.80176,0.77236,0.41219,0.29345,0.4386,0.45238,0.38136,0.39776,0.47804,0.80692,0.90576,0.90447,0.8461,0.80222,0.42951,0.50983,0.54777,0.58104,0.55658,0.59296,0.43823,0.33305,0.32264,0.44888,0.3512,0.39759,0.31871,0.38087,0.403,0.40407,0.40936,0.43759,0.45783,0.33932,0.41351,0.45537,0.80915,0.99958,1,1,1,0.76271,0.75816,0.56241,0.60613,0.56747,0.59623,0.51229
0.35026,0.31788,0.4278,0.30805,0.36891,0.39367,0.45963,0.37478,0.3613,0.34247,0.39798,0.51965,0.4803,0.74533,0.95318,0.94769,0.80227,0.80774,0.46647,0.37736,0.43228,0.4937,0.42255,0.42717,0.48163,0.87532,0.98067,0.90705,0.86913,0.82898,0.49685,0.51488,0.51263,0.5407,0.61901,0.49934,0.33764,0.3652,0.34391,0.40493,0.35563,0.43045,0.36451,0.335,0.3611,0.33657,0.35225,0.37653,0.37426,0.33046,0.36417,0.50988,0.81744,0.98786,1,0.97566,0.98395,0.78831,0.76182,0.65212,0.58868,0.51069,0.54515,0.56095
0.38526,0.38481,0.38098,0.41073,0.41387,0.47432,0.48783,0.34659,0.35733,0.37634,0.33726,0.39195,0.48798,0.76233,0.9418,0.98599,0.86035,0.79577,0.53793,0.31022,0.45467,0.48844,0.44965,0.43975,0.55026,0.93002,0.9847,0.89792,0.86747,0.82795,0.51937,0.53738,0.56247,0.63774,0.61617,0.46755,0.3056,0.31339,0.43633,0.35462,0.31654,0.32736,0.33581,0.34408,0.35214,0.34722,0.33434,0.29641,0.33732,0.39435,0.40952,0.46568,0.88338,0.98377,0.94573,0.96896,1,0.77757,0.67502,0.60927,0.56145,0.56254,0.5706,0.52837
0.37807,0.31376,0.34695,0.38592,0.3422,0.41832,0.42542,0.30528,0.32958,0.34301,0.28022,0.3627,0.42207,0.77387,0.94372,0.96024,0.89408,0.81848,0.54736,0.34888,0.43916,0.42906,0.42745,0.48281,0.53542,0.85446,0.96764,0.90479,0.87887,0.84622,0.50755,0.50327,0.57437,0.6117,0.5979,0.52941,0.37104,0.33407,0.34004,0.32547,0.35613,0.36726,0.37113,0.29753,0.29901,0.4483,0.34906,0.32757,0.28331,0.30568,0.36542,0.50574,0.88512,0.99578,1,0.95227,0.97173,0.79448,0.71945,0.61058,0.58094,0.57725,0.5659,0.47532
0.34996,0.53889,0.47558,0.39417,0.36406,0.40429,0.45586,0.3667,0.40231,0.31449,0.38412,0.47699,0.52372,0.75824,0.91706,0.96177,0.87143,0.80021,0.52462,0.3829,0.40179,0.44932,0.45327,0.48528,0.50539,0.83961,0.94212,0.93923,0.82295,0.76996,0.47696,0.52694,0.58149,0.5733,0.67869,0.55236,0.37589,0.37907,0.38169,0.29944,0.39755,0.37276,0.38443,0.34622,0.36755,0.37395,0.36831,0.36392,0.38446,0.39308,0.50388,0.51058,0.81738,0.9434,0.99353,0.9474,0.96657,0.81544,0.70486,0.57524,0.52173,0.56684,0.54055,0.54798
0.35253,0.45626,0.47979,0.3812,0.40617,0.39654,0.42507,0.37145,0.2677,0.30708,0.34407,0.43725,0.45767,0.80873,0.94508,0.91979,0.87617,0.78713,0.52305,0.38789,0.38946,0.53524,0.45252,0.47918,0.48657,0.82684,0.96625,0.89307,0.88997,0.81016,0.48828,0.57755,0.64032,0.63036,0.69709,0.60832,0.46845,0.32619,0.33506,0.32679,0.33147,0.35427,0.3166,0.32575,0.26948,0.29712,0.37359,0.41122,0.42944,0.34453,0.50293,0.53759,0.95165,0.99283,1,0.98394,0.92307,0.81952,0.72016,0.64331,0.55313,0.58892,0.54445,0.56025
0.34482,0.41791,0.34455,0.30081,0.25128,0.29949,0.35222,0.33841,0.36214,0.34062,0.37906,0.4667,0.49072,0.79136,0.96837,0.92192,0.90277,0.80228,0.51722,0.40857,0.43184,0.46206,0.46972,0.45251,0.53578,0.9191,0.96943,1,0.87551,0.80689,0.58762,0.73632,0.83386,0.82917,0.83809,0.75533,0.46636,0.40076,0.46662,0.3513,0.39543,0.44356,0.38719,0.36725,0.38335,0.32339,0.30933,0.35627,0.34723,0.3115,0.38627,0.42438,0.8894,0.92858,0.9902,1,0.9565,0.79263,0.73696,0.61547,0.53336,0.63448,0.53033,0.56766
0.40964,0.3576,0.45327,0.39567,0.35835,0.54114,0.43715,0.45127,0.41482,0.339,0.32373,0.45705,0.54578,0.88728,1,0.9351,0.78688,0.83079,0.46224,0.3846,0.48412,0.57969,0.49083,0.53334,0.60753,0.9086,0.99047,0.97869,0.9208,0.95072,0.88157,0.99952,0.9966,0.99202,0.90073,0.79648,0.39212,0.38931,0.44272,0.36131,0.30843,0.29268,0.3092,0.40299,0.27496,0.44588,0.4009,0.33391,0.33076,0.38956,0.45241,0.5187,0.89551,0.99163,1,1,0.95406,0.7736,0.72915,0.60518,0.57196,0.51194,0.52188,0.524
0.284,0.32038,0.36166,0.37048,0.31736,0.57387,0.34494,0.24802,0.31435,0.31166,0.39555,0.44763,0.4684,0.78652,0.90744,0.91925,0.86062,0.77965,0.52909,0.52642,0.61169,0.63365,0.73183,0.79655,0.849,0.9754,0.98746,0.89551,0.90611,0.96002,0.93008,0.94858,0.89314,0.91258,0.83329,0.61928,0.32998,0.3301,0.27405,0.29773,0.33262,0.32133,0.35095,0.43151,0.36307,0.39628,0.34363,0.31419,0.35355,0.29471,0.39438,0.4866,0.94328,0.94016,1,1,0.90162,0.78838,0.74558,0.62213,0.55326,0.58576,0.5556,0.54698
0.35857,0.38803,0.37216,0.35427,0.33427,0.48285,0.47812,0.29332,0.41276,0.30316,0.37817,0.50555,0.56458,0.81741,1,0.90111,0.92178,0.94039,0.77453,0.84459,0.87108,0.92481,0.91784,0.9213,0.91909,0.89864,0.9163,0.8741,0.92306,0.9125,0.84947,0.82892,0.7883,0.81773,0.85143,0.65484,0.50083,0.32373,0.31926,0.36353,0.41409,0.39308,0.35832,0.28694,0.35149,0.28314,0.27959,0.31517,0.33013,0.31443,0.39034,0.47245,0.79944,0.93579,0.97022,0.97347,0.94354,0.84926,0.72365,0.63539,0.64145,0.55737,0.54694,0.55599
0.36943,0.44814,0.38489,0.34575,0.38364,0.4537,0.47942,0.33823,0.32335,0.25114,0.36831,0.4066,0.54483,0.77393,0.98122,0.93299,0.96123,0.86882,0.90759,0.94828,0.91749,0.90505,0.85589,0.83383,0.82011,0.8456,0.87804,0.80667,0.81001,0.83923,0.81778,0.79944,0.77912,0.78414,0.76311,0.63974,0.47419,0.3013,0.35222,0.27226,0.37605,0.30986,0.30079,0.29492,0.31896,0.33505,0.30135,0.38227,0.39533,0.38047,0.43253,0.56403,0.8798,0.95214,0.96866,0.96603,0.95488,0.77588,0.72506,0.58144,0.58434,0.56863,0.54717,0.55877
0.39793,0.35434,0.30597,0.30537,0.33896,0.40462,0.45956,0.29503,0.29049,0.27563,0.40065,0.61779,0.62074,0.78471,0.91594,0.91067,0.86935,0.87965,0.89594,0.90973,0.82274,0.79731,0.79827,0.78436,0.80508,0.76144,0.78052,0.72237,0.78593,0.76926,0.67333,0.67714,0.61916,0.47682,0.45456,0.51015,0.39063,0.306,0.33872,0.39591,0.353,0.38821,0.37874,0.45872,0.44051,0.3722,0.34849,0.32756,0.44407,0.39143,0.36866,0.56406,0.89866,0.92529,0.94121,0.9948,0.91574,0.76981,0.73381,0.57264,0.5876,0.5535,0.55996,0.52959
