0.430538 0.384078 0.359901 0.356971 0.372200 0.343074 0.348595 0.358266 0.355721 0.337603 0.345908 0.363267 0.378371 0.386933 0.389367 0.381594 0.373758 0.368882 0.385490 0.379180 0.356244 0.335130 0.310862 0.254438 0.224345 0.138485 0.153186 0.129887 0.131264 0.137803 0.125313 0.118878 0.121653 0.131578 0.132311 0.117294 0.120745 0.117862 0.127994 0.140529 0.128837 0.131234 0.125972 0.124796 0.116316 0.119342 0.115210 0.107118 0.117782 0.111879 0.110590 0.105353 0.101828 0.103053 0.097820 0.105245 0.111681 0.097482 0.104161 0.100205 0.101972 0.090253 0.085033 0.081250 
0.464965 0.389813 0.357377 0.364680 0.356675 0.359786 0.377724 0.382743 0.376135 0.374624 0.374077 0.388453 0.374601 0.385105 0.389590 0.363661 0.363517 0.368981 0.373967 0.390859 0.377354 0.382220 0.361659 0.328363 0.308645 0.197116 0.140557 0.131998 0.132586 0.122431 0.129457 0.143886 0.126722 0.120894 0.121440 0.107574 0.119028 0.110094 0.127322 0.127687 0.130789 0.132163 0.138334 0.133986 0.146310 0.122313 0.113465 0.106450 0.112013 0.108394 0.102485 0.097340 0.106833 0.097175 0.110844 0.112964 0.106914 0.082437 0.085751 0.079758 0.094767 0.088496 0.091413 0.089792 
0.381907 0.348926 0.350311 0.363192 0.384869 0.375495 0.384662 0.390598 0.382725 0.383994 0.364284 0.368435 0.356974 0.371033 0.386732 0.382859 0.398411 0.385364 0.373173 0.377978 0.379901 0.381845 0.371256 0.369429 0.356315 0.314915 0.192475 0.161377 0.138493 0.134313 0.115396 0.127479 0.139447 0.118225 0.120121 0.124927 0.122031 0.126568 0.133255 0.126524 0.133596 0.140335 0.134914 0.125923 0.129155 0.109543 0.114405 0.109541 0.119352 0.104373 0.096236 0.101983 0.116886 0.111498 0.104277 0.095124 0.078034 0.077984 0.083114 0.086647 0.099991 0.099273 0.089873 0.080901 
0.384131 0.356282 0.351922 0.372200 0.367391 0.356167 0.363960 0.363324 0.372433 0.371045 0.370257 0.366275 0.388297 0.385938 0.371312 0.365546 0.368926 0.371475 0.371275 0.358055 0.393781 0.415587 0.388009 0.369064 0.375800 0.358920 0.309509 0.230006 0.157952 0.142501 0.131009 0.149732 0.138300 0.122557 0.135277 0.132953 0.122888 0.136434 0.131993 0.142307 0.133354 0.152545 0.144587 0.139305 0.130674 0.122612 0.122100 0.112634 0.118737 0.115273 0.104057 0.099614 0.094459 0.085497 0.099590 0.098305 0.091562 0.086492 0.089474 0.075754 0.081236 0.094641 0.078736 0.085444 
0.370565 0.357557 0.361864 0.411861 0.398526 0.383351 0.373977 0.380131 0.384596 0.375466 0.359098 0.358608 0.370102 0.356714 0.357333 0.360712 0.376424 0.372959 0.391096 0.402973 0.406899 0.395685 0.373762 0.364769 0.352052 0.360074 0.363261 0.358789 0.313116 0.267459 0.181147 0.163301 0.152164 0.136225 0.127962 0.116262 0.119376 0.117216 0.133898 0.134721 0.140668 0.160411 0.155286 0.141960 0.134751 0.123853 0.121717 0.138780 0.115491 0.119337 0.118118 0.114467 0.109575 0.110183 0.104205 0.095576 0.081044 0.080004 0.081446 0.086857 0.076617 0.079777 0.098860 0.098404 
0.371642 0.375535 0.368210 0.391151 0.367750 0.370909 0.373601 0.385817 0.379050 0.352386 0.352519 0.352728 0.373669 0.374672 0.377531 0.385775 0.371474 0.373235 0.389995 0.394012 0.387731 0.364549 0.347702 0.358863 0.379865 0.390572 0.392682 0.390609 0.376629 0.375562 0.324476 0.229471 0.178632 0.141598 0.124861 0.123437 0.131109 0.122842 0.149433 0.139018 0.148609 0.143323 0.126974 0.144697 0.139274 0.116280 0.137664 0.151114 0.142463 0.139537 0.120772 0.112555 0.107168 0.108503 0.113432 0.104811 0.095807 0.091072 0.095936 0.083463 0.075986 0.096479 0.102854 0.095559 
0.408063 0.375905 0.375531 0.376959 0.366753 0.357931 0.359997 0.389824 0.401833 0.376087 0.376593 0.364492 0.365945 0.367083 0.386277 0.376016 0.375727 0.373829 0.381636 0.372892 0.373243 0.373462 0.372346 0.377085 0.379687 0.374503 0.366315 0.386863 0.364011 0.387969 0.383806 0.365664 0.338839 0.212654 0.163393 0.137984 0.119930 0.128231 0.141694 0.137237 0.121869 0.127928 0.133026 0.133532 0.136312 0.135263 0.131211 0.141417 0.141340 0.141709 0.133646 0.139686 0.112740 0.115422 0.113935 0.130359 0.120438 0.104274 0.114805 0.096832 0.087899 0.101513 0.104494 0.095311 
0.413527 0.375127 0.372198 0.377266 0.374550 0.373902 0.380606 0.395969 0.396014 0.370197 0.373897 0.360632 0.340581 0.344317 0.378980 0.385085 0.393941 0.392856 0.380290 0.383265 0.377843 0.366266 0.365901 0.353639 0.372104 0.370176 0.365124 0.366985 0.394128 0.390880 0.390541 0.390838 0.377728 0.330155 0.279506 0.169218 0.149489 0.137398 0.135091 0.135402 0.135593 0.130101 0.127193 0.132621 0.123471 0.128325 0.127306 0.129445 0.118292 0.127065 0.135084 0.126442 0.126837 0.121420 0.118391 0.131210 0.106074 0.103032 0.119898 0.107816 0.110589 0.103301 0.095778 0.089343 
0.430912 0.365569 0.354303 0.372381 0.362814 0.343244 0.362960 0.388975 0.357368 0.362410 0.366788 0.367916 0.376138 0.385475 0.385601 0.381647 0.369355 0.381172 0.363744 0.369679 0.368201 0.366703 0.376090 0.374226 0.383581 0.383989 0.374127 0.388983 0.385235 0.378975 0.373044 0.378669 0.351847 0.356801 0.382160 0.320516 0.197335 0.144826 0.141669 0.135683 0.146228 0.134958 0.146877 0.147068 0.137059 0.152218 0.142078 0.134908 0.115142 0.122818 0.129986 0.120263 0.124527 0.111384 0.139125 0.134055 0.109746 0.122523 0.108537 0.111521 0.109515 0.123426 0.102905 0.104597 
0.409892 0.382336 0.388309 0.394822 0.376713 0.379791 0.368365 0.394692 0.368795 0.378945 0.374066 0.376914 0.377458 0.367982 0.355872 0.362685 0.386783 0.362882 0.370370 0.383782 0.392360 0.372933 0.390712 0.372559 0.371340 0.363553 0.377609 0.390469 0.389789 0.387208 0.382403 0.395713 0.384223 0.396467 0.381725 0.353376 0.331105 0.277855 0.226372 0.166923 0.144355 0.161372 0.150207 0.157090 0.135779 0.146786 0.130287 0.119805 0.128863 0.120907 0.132357 0.123996 0.120834 0.124037 0.134464 0.120979 0.119435 0.113680 0.095915 0.125907 0.113160 0.118295 0.098850 0.117387 
0.371610 0.351539 0.365320 0.392222 0.379885 0.367626 0.363942 0.380461 0.389164 0.375457 0.352044 0.356367 0.380687 0.385251 0.380861 0.380273 0.378763 0.374462 0.381088 0.380054 0.369253 0.366191 0.377813 0.367364 0.376168 0.394444 0.397639 0.397900 0.417322 0.433561 0.393961 0.361190 0.372448 0.380593 0.366854 0.364268 0.386478 0.369415 0.360464 0.307624 0.199744 0.140762 0.139943 0.132329 0.135455 0.132233 0.118316 0.119523 0.127425 0.128289 0.134370 0.126621 0.117277 0.113318 0.113100 0.124742 0.117770 0.118126 0.112835 0.127758 0.120989 0.127778 0.121557 0.126725 
0.470092 0.369661 0.364846 0.373899 0.357634 0.351649 0.358906 0.388620 0.366635 0.369615 0.379606 0.393180 0.397259 0.394080 0.400043 0.392494 0.381283 0.367731 0.384441 0.371628 0.370383 0.379046 0.366803 0.361400 0.371466 0.391164 0.375270 0.388993 0.393604 0.395978 0.387165 0.396395 0.392841 0.418345 0.415189 0.395090 0.403609 0.383201 0.373599 0.356122 0.312256 0.240052 0.171341 0.155160 0.146309 0.130596 0.134260 0.135887 0.134138 0.115971 0.122274 0.119951 0.118512 0.103131 0.127383 0.137806 0.134394 0.131026 0.139126 0.121323 0.107944 0.119768 0.127045 0.117865 
0.426569 0.362654 0.368347 0.375981 0.380395 0.381565 0.377168 0.399110 0.385272 0.379603 0.403712 0.398342 0.386088 0.365672 0.370720 0.369560 0.384954 0.391081 0.410319 0.394795 0.406299 0.377060 0.375692 0.367207 0.364251 0.367460 0.362892 0.385751 0.388382 0.409447 0.396898 0.413466 0.411977 0.376562 0.377274 0.387728 0.371600 0.359899 0.380465 0.358154 0.360725 0.369260 0.346411 0.288027 0.183473 0.153214 0.152685 0.123347 0.125930 0.120711 0.131277 0.127800 0.108690 0.113156 0.122544 0.123508 0.133958 0.135575 0.130484 0.127650 0.135535 0.140688 0.124256 0.114446 
0.382024 0.361673 0.352643 0.359547 0.367152 0.360632 0.393352 0.419791 0.377586 0.380904 0.398309 0.384313 0.368118 0.351997 0.373164 0.392862 0.393729 0.381143 0.375138 0.371793 0.382993 0.366152 0.362158 0.381186 0.382360 0.384118 0.389223 0.392751 0.381279 0.382973 0.377549 0.374389 0.381806 0.377766 0.374228 0.392803 0.394852 0.399223 0.399082 0.396506 0.397605 0.384299 0.377695 0.369192 0.309660 0.241325 0.169583 0.147951 0.124821 0.125263 0.139683 0.128367 0.104222 0.110469 0.119404 0.134512 0.127134 0.131632 0.129613 0.125085 0.146343 0.136388 0.124678 0.112009 
0.376121 0.367426 0.358391 0.382659 0.383961 0.375733 0.389068 0.389879 0.391961 0.378020 0.386079 0.398712 0.372422 0.378575 0.374557 0.383271 0.396132 0.384472 0.376648 0.374464 0.395976 0.400256 0.398828 0.394629 0.376391 0.361588 0.375381 0.376479 0.358424 0.372117 0.370056 0.377516 0.384513 0.387184 0.379707 0.369057 0.376195 0.383572 0.385859 0.383897 0.390867 0.379620 0.380601 0.387276 0.392089 0.358954 0.264937 0.147194 0.129794 0.139470 0.130034 0.116029 0.134861 0.126068 0.133844 0.133573 0.129763 0.125252 0.129831 0.130538 0.123447 0.111972 0.120747 0.137878 
0.358750 0.359481 0.364680 0.375364 0.381424 0.367052 0.384848 0.390581 0.380380 0.367889 0.363016 0.366483 0.351796 0.359748 0.378150 0.391737 0.405948 0.375541 0.375343 0.390547 0.377162 0.391082 0.379698 0.361039 0.367779 0.369572 0.376563 0.391018 0.389011 0.392612 0.381303 0.372470 0.371039 0.371681 0.361261 0.368184 0.373257 0.384287 0.407904 0.386635 0.398392 0.400214 0.385290 0.400167 0.375284 0.353068 0.337539 0.306509 0.246009 0.187629 0.149574 0.130511 0.132231 0.132746 0.131857 0.120509 0.116063 0.112693 0.129855 0.130528 0.132689 0.122817 0.135474 0.148493 
0.402047 0.392113 0.363773 0.372328 0.375750 0.378677 0.366180 0.366141 0.366007 0.380306 0.374611 0.382187 0.382898 0.373879 0.376227 0.376324 0.372613 0.362718 0.382314 0.373794 0.371404 0.388262 0.384693 0.380731 0.395827 0.367399 0.360692 0.366999 0.379218 0.367623 0.363502 0.362522 0.364505 0.388277 0.390866 0.399279 0.396426 0.396915 0.403007 0.371591 0.377240 0.377898 0.364265 0.379798 0.395506 0.388648 0.385985 0.397093 0.379626 0.332610 0.249065 0.154836 0.128482 0.127401 0.121504 0.133718 0.129153 0.130817 0.145149 0.134731 0.129501 0.158707 0.175538 0.170745 
0.424178 0.381950 0.368041 0.374127 0.378963 0.390499 0.391828 0.389270 0.389051 0.402608 0.386774 0.379557 0.392425 0.377940 0.365589 0.367702 0.361110 0.380343 0.381351 0.395766 0.386531 0.359807 0.354020 0.370448 0.392704 0.376320 0.352606 0.368815 0.370580 0.387340 0.389428 0.398382 0.398710 0.388561 0.371109 0.378876 0.376668 0.372219 0.357759 0.373984 0.376523 0.378600 0.388868 0.381345 0.363743 0.367935 0.361264 0.370174 0.370317 0.365109 0.357101 0.306528 0.187900 0.149440 0.150060 0.150036 0.144378 0.147062 0.156163 0.173626 0.245845 0.318385 0.333465 0.326626 
0.398760 0.358444 0.344038 0.349400 0.354265 0.342570 0.369975 0.381004 0.371521 0.380772 0.362105 0.373941 0.382126 0.371466 0.365981 0.407580 0.391559 0.397986 0.382249 0.371288 0.362743 0.358779 0.379295 0.379958 0.377611 0.383087 0.389584 0.371467 0.376887 0.370006 0.355244 0.377982 0.367110 0.362731 0.379918 0.388435 0.384410 0.397863 0.371140 0.367525 0.362688 0.366024 0.359575 0.352679 0.347694 0.359557 0.369947 0.361947 0.374612 0.368429 0.391422 0.373255 0.332838 0.242502 0.202247 0.208254 0.244170 0.242877 0.266598 0.333443 0.394401 0.377168 0.400211 0.418849 
0.390693 0.383224 0.375259 0.398476 0.364840 0.360975 0.372684 0.392766 0.376898 0.383383 0.372804 0.392523 0.377370 0.366377 0.359622 0.364306 0.364158 0.368675 0.364837 0.365326 0.382472 0.394788 0.398015 0.381716 0.387571 0.373650 0.373824 0.370161 0.367560 0.354147 0.367757 0.370077 0.370308 0.410795 0.396645 0.386982 0.389846 0.386409 0.352673 0.337196 0.334360 0.345718 0.369777 0.372262 0.389253 0.378313 0.380663 0.384474 0.362883 0.371715 0.358983 0.325533 0.305546 0.328337 0.310052 0.345207 0.378430 0.382479 0.386423 0.393418 0.437956 0.450154 0.495421 0.519838 
0.365041 0.357639 0.360165 0.380818 0.367569 0.363764 0.384030 0.406168 0.380497 0.379032 0.391494 0.398331 0.384142 0.373040 0.356486 0.360269 0.375263 0.377826 0.391284 0.377643 0.375439 0.385295 0.398009 0.353024 0.360279 0.359771 0.370838 0.374180 0.392099 0.389090 0.371995 0.376302 0.376284 0.379575 0.376867 0.365665 0.394461 0.383829 0.361637 0.384617 0.383949 0.398626 0.397105 0.385845 0.378635 0.363072 0.358069 0.370652 0.376147 0.357896 0.350023 0.216319 0.240320 0.358557 0.368531 0.382326 0.420446 0.463068 0.468823 0.480754 0.511358 0.533614 0.544955 0.554989 
0.366199 0.373590 0.374467 0.373569 0.371573 0.362758 0.373106 0.378417 0.354540 0.373591 0.354783 0.372432 0.371939 0.386879 0.388414 0.392938 0.369583 0.375460 0.376435 0.364234 0.369146 0.371205 0.387744 0.374793 0.372617 0.365851 0.391793 0.374322 0.368508 0.359655 0.363941 0.369022 0.364925 0.366918 0.372939 0.382866 0.392672 0.383736 0.377876 0.377261 0.375763 0.374928 0.363497 0.363480 0.367503 0.380430 0.374082 0.370575 0.384350 0.375622 0.355402 0.235444 0.215385 0.364277 0.424110 0.442415 0.497225 0.541406 0.537728 0.540799 0.532524 0.548498 0.531739 0.494394 
0.397999 0.386856 0.384532 0.376583 0.372560 0.380364 0.400479 0.391032 0.384425 0.404722 0.373527 0.362158 0.355173 0.359852 0.371501 0.363818 0.360379 0.362302 0.384686 0.403742 0.388261 0.389227 0.377408 0.365370 0.366021 0.356309 0.361009 0.359509 0.368206 0.362452 0.380927 0.376406 0.374570 0.375393 0.386543 0.385989 0.378905 0.360292 0.361751 0.371901 0.361222 0.372014 0.382061 0.402597 0.392288 0.381981 0.365528 0.368362 0.363362 0.360411 0.355186 0.280648 0.221283 0.410346 0.511559 0.520512 0.511172 0.489455 0.451724 0.417787 0.409190 0.405438 0.403914 0.404563 
0.382227 0.358318 0.357017 0.352066 0.364225 0.380517 0.399551 0.401837 0.366839 0.391066 0.352591 0.349095 0.360996 0.354843 0.389307 0.390175 0.404250 0.387038 0.403261 0.396421 0.387452 0.371457 0.345382 0.343925 0.369636 0.376123 0.388327 0.362613 0.371265 0.372251 0.377344 0.382367 0.372924 0.373754 0.380189 0.367801 0.367383 0.392889 0.396079 0.382918 0.377765 0.377139 0.387342 0.377205 0.373218 0.366093 0.363412 0.358814 0.345960 0.375280 0.359119 0.356871 0.315775 0.526903 0.584520 0.537200 0.464235 0.402340 0.379792 0.390265 0.372418 0.383073 0.377553 0.366043 
0.357887 0.346401 0.355742 0.371671 0.368221 0.365497 0.404781 0.399914 0.366047 0.385585 0.383919 0.398343 0.377100 0.372469 0.386881 0.404609 0.369866 0.365225 0.352421 0.363357 0.385387 0.373894 0.361159 0.385605 0.381994 0.397489 0.391519 0.363703 0.359424 0.356462 0.363737 0.363196 0.357190 0.348914 0.362489 0.361146 0.374286 0.398320 0.391127 0.375308 0.355585 0.370688 0.378384 0.367993 0.364192 0.360262 0.367064 0.381646 0.377583 0.377827 0.382579 0.372729 0.384544 0.628149 0.713236 0.608353 0.547515 0.414313 0.346692 0.296541 0.300134 0.313997 0.316637 0.315308 
0.353240 0.335251 0.359301 0.390001 0.389336 0.396847 0.401458 0.407165 0.400030 0.395966 0.380305 0.375434 0.362983 0.359869 0.366374 0.381320 0.372831 0.385029 0.382197 0.364760 0.371066 0.368486 0.373691 0.365588 0.361099 0.372831 0.377938 0.366724 0.380509 0.369184 0.377369 0.372067 0.356954 0.372186 0.388855 0.396777 0.388724 0.383046 0.365229 0.378138 0.377609 0.398344 0.388080 0.386697 0.384367 0.372074 0.357428 0.348030 0.353624 0.366097 0.356954 0.346790 0.422514 0.714754 0.827365 0.690203 0.600347 0.465893 0.313261 0.256141 0.252805 0.308635 0.334521 0.342068 
0.354716 0.339027 0.369473 0.391126 0.375756 0.368489 0.384996 0.383354 0.353446 0.359522 0.361698 0.371170 0.382809 0.401111 0.382040 0.381483 0.385854 0.370809 0.389917 0.361467 0.363215 0.360525 0.367721 0.369356 0.364798 0.371330 0.365360 0.356992 0.372196 0.383849 0.409127 0.409776 0.402808 0.434843 0.453259 0.432762 0.403996 0.385194 0.380273 0.401979 0.386773 0.378816 0.367780 0.359295 0.360345 0.346820 0.354045 0.362480 0.383018 0.396265 0.376081 0.373994 0.474896 0.805557 0.798642 0.735417 0.644204 0.473643 0.334100 0.262807 0.262960 0.306152 0.341097 0.351355 
0.374270 0.373293 0.375247 0.373767 0.374415 0.373055 0.381790 0.383724 0.373309 0.386829 0.366988 0.360939 0.371057 0.390844 0.384407 0.367860 0.376663 0.362359 0.360090 0.371328 0.377102 0.368331 0.378242 0.379958 0.365537 0.382965 0.410049 0.415755 0.406602 0.413064 0.416836 0.431492 0.415905 0.407948 0.372930 0.373681 0.368936 0.366628 0.376417 0.379492 0.354052 0.356061 0.350643 0.379431 0.376408 0.386007 0.388793 0.377300 0.373072 0.369095 0.368973 0.371458 0.511275 0.874915 0.875847 0.772978 0.697543 0.501110 0.340967 0.318053 0.321080 0.343087 0.342418 0.353182 
0.370547 0.369169 0.361815 0.360870 0.377242 0.386857 0.406124 0.381488 0.384901 0.406269 0.373702 0.343826 0.322283 0.327579 0.346611 0.347669 0.367605 0.367451 0.374593 0.379986 0.400271 0.401386 0.388652 0.391589 0.395862 0.446516 0.552736 0.542780 0.434588 0.380779 0.352350 0.348447 0.363652 0.366812 0.354624 0.357149 0.345937 0.356691 0.362749 0.377383 0.375351 0.365954 0.370232 0.379559 0.373678 0.380955 0.363205 0.344873 0.345256 0.340252 0.359419 0.380981 0.536956 0.912160 0.937970 0.810209 0.723932 0.530667 0.358534 0.352796 0.326001 0.324872 0.359451 0.368646 
0.361846 0.383218 0.375897 0.373994 0.358217 0.365039 0.394848 0.386916 0.365960 0.380038 0.375103 0.308807 0.150612 0.126837 0.259255 0.329877 0.385351 0.411963 0.399598 0.429088 0.437088 0.440365 0.430764 0.416807 0.395638 0.416772 0.546230 0.560972 0.435420 0.330607 0.202571 0.222804 0.325982 0.337397 0.365855 0.369838 0.379996 0.398339 0.372274 0.376233 0.362481 0.357323 0.359612 0.354685 0.349425 0.360069 0.361235 0.377694 0.363746 0.370492 0.387901 0.386530 0.543613 0.908027 0.951887 0.848242 0.757657 0.570475 0.387181 0.369629 0.341777 0.347690 0.347750 0.367917 
0.372058 0.369447 0.384262 0.401004 0.375934 0.393170 0.412616 0.405326 0.399016 0.387507 0.379805 0.338577 0.214336 0.105530 0.307439 0.391735 0.420866 0.430549 0.427570 0.418136 0.399979 0.370349 0.310008 0.235122 0.223363 0.323109 0.624934 0.591980 0.460830 0.325198 0.191164 0.172211 0.290107 0.347044 0.348909 0.362137 0.368925 0.368717 0.357135 0.351490 0.353400 0.365251 0.369004 0.384356 0.388976 0.365396 0.373575 0.362767 0.384892 0.371168 0.360897 0.368420 0.538420 0.907374 0.962117 0.925747 0.802206 0.552365 0.384320 0.371985 0.358083 0.356479 0.355981 0.380066 
0.341807 0.352045 0.370465 0.376778 0.366619 0.379129 0.395162 0.385638 0.373937 0.374658 0.358109 0.344633 0.320698 0.159304 0.326817 0.442267 0.396823 0.354214 0.307322 0.148261 0.116602 0.105632 0.096454 0.100384 0.112551 0.300130 0.649093 0.639248 0.487820 0.350217 0.270845 0.194824 0.312746 0.348937 0.350619 0.360311 0.373569 0.368110 0.375921 0.387697 0.366222 0.362265 0.376111 0.368784 0.373585 0.363283 0.347512 0.346830 0.352194 0.361106 0.376320 0.393177 0.577154 0.929062 0.964637 0.949233 0.829888 0.577464 0.421949 0.395794 0.364228 0.356694 0.356684 0.370410 
0.361319 0.364014 0.371761 0.361393 0.364429 0.352493 0.366291 0.376606 0.379776 0.380473 0.390791 0.373541 0.374233 0.318429 0.401176 0.553271 0.415755 0.351969 0.206553 0.115173 0.090134 0.083035 0.089552 0.096114 0.109508 0.254312 0.670651 0.747916 0.477551 0.355603 0.342186 0.304113 0.330452 0.365044 0.361052 0.386901 0.387192 0.386791 0.377524 0.379223 0.359252 0.359365 0.351280 0.349793 0.357247 0.360102 0.368449 0.368717 0.372406 0.370718 0.386329 0.435238 0.619367 0.948146 0.969813 0.956424 0.859397 0.616018 0.419175 0.384463 0.365215 0.368116 0.389509 0.376948 
0.351257 0.339859 0.354533 0.359451 0.352078 0.359137 0.385846 0.376753 0.378551 0.386297 0.381330 0.363373 0.354805 0.349751 0.457991 0.595231 0.430415 0.354438 0.221402 0.116397 0.087010 0.081244 0.094759 0.110856 0.116440 0.343603 0.765798 0.804124 0.515368 0.389900 0.343439 0.358238 0.368577 0.365280 0.378535 0.374786 0.376958 0.368404 0.371097 0.373324 0.374866 0.384921 0.373295 0.372137 0.382930 0.377996 0.359165 0.370703 0.355152 0.358193 0.368151 0.410603 0.622986 0.946479 0.966620 0.968158 0.907087 0.676693 0.492867 0.393636 0.363203 0.385934 0.392956 0.386258 
0.340168 0.348620 0.344424 0.351123 0.356747 0.381579 0.390034 0.365356 0.360085 0.374243 0.388289 0.367629 0.364546 0.379285 0.550966 0.691487 0.459463 0.381555 0.296764 0.121282 0.097418 0.088855 0.107589 0.132294 0.180177 0.431889 0.883725 0.918628 0.599633 0.448278 0.366062 0.345824 0.356943 0.368154 0.369052 0.388863 0.389812 0.380436 0.381744 0.381561 0.368998 0.366650 0.374904 0.363694 0.367825 0.352716 0.360231 0.341836 0.365709 0.366661 0.379666 0.406252 0.603474 0.943586 0.969628 0.972281 0.944944 0.745418 0.504639 0.432505 0.378389 0.375983 0.370566 0.370994 
0.380974 0.367441 0.409650 0.384298 0.354046 0.370404 0.389638 0.392827 0.373400 0.377300 0.390122 0.388325 0.387407 0.436796 0.679251 0.769704 0.532783 0.447281 0.338352 0.146382 0.101645 0.096465 0.149570 0.151958 0.231096 0.477695 0.928134 0.942220 0.752119 0.452395 0.360499 0.358197 0.373222 0.381245 0.378602 0.384915 0.377411 0.371534 0.368345 0.352614 0.359371 0.352181 0.370550 0.380775 0.376059 0.367145 0.379545 0.382401 0.376953 0.371731 0.381160 0.428967 0.626803 0.950469 0.971468 0.967078 0.947970 0.781242 0.551311 0.475842 0.437058 0.415718 0.389169 0.385700 
0.363548 0.374622 0.405924 0.386855 0.383746 0.384120 0.385563 0.396970 0.367412 0.360836 0.375870 0.362643 0.379693 0.474677 0.825799 0.833483 0.595364 0.491453 0.297333 0.137396 0.099736 0.118620 0.160378 0.178646 0.215522 0.562025 0.920480 0.944200 0.785232 0.505788 0.377050 0.352685 0.369875 0.380721 0.388189 0.393454 0.367807 0.362313 0.373014 0.401906 0.402521 0.388487 0.390766 0.386928 0.381547 0.375418 0.357439 0.351647 0.356722 0.348509 0.354654 0.385628 0.654544 0.949182 0.969853 0.971609 0.957590 0.822762 0.598423 0.527453 0.532363 0.521872 0.410887 0.388050 
0.361711 0.364414 0.383234 0.370541 0.364925 0.373376 0.377429 0.379672 0.371057 0.377919 0.380215 0.381552 0.389838 0.492726 0.839673 0.911029 0.700179 0.490976 0.301164 0.144364 0.124630 0.144696 0.194130 0.256427 0.258458 0.584025 0.933179 0.955513 0.808725 0.539865 0.359469 0.352121 0.377487 0.377641 0.388183 0.400783 0.399105 0.387510 0.388548 0.393987 0.396920 0.386189 0.375111 0.357867 0.353390 0.352526 0.354536 0.355237 0.380133 0.385410 0.393432 0.427725 0.716459 0.948276 0.964764 0.963239 0.962970 0.851528 0.648581 0.564470 0.530097 0.546775 0.461025 0.415088 
0.386497 0.379174 0.374684 0.373657 0.371221 0.382422 0.396168 0.388722 0.380784 0.372916 0.366397 0.359335 0.387937 0.507209 0.857726 0.942588 0.766275 0.499614 0.322774 0.158537 0.130397 0.162051 0.256260 0.319038 0.306333 0.607663 0.935221 0.958490 0.835520 0.617482 0.369345 0.349153 0.359164 0.363772 0.398828 0.399835 0.388192 0.365744 0.358389 0.372307 0.366406 0.358423 0.369509 0.382812 0.372833 0.388634 0.405363 0.386979 0.386308 0.378533 0.378439 0.424863 0.722616 0.956095 0.968490 0.965484 0.967005 0.883035 0.704727 0.601066 0.529979 0.508436 0.458581 0.407390 
0.348128 0.353143 0.358153 0.353445 0.364706 0.373522 0.392883 0.368040 0.362482 0.367366 0.354417 0.359396 0.372760 0.514499 0.886997 0.937165 0.794666 0.510964 0.319838 0.151752 0.125210 0.172195 0.242635 0.287748 0.308897 0.637256 0.951204 0.956290 0.840194 0.718749 0.395289 0.363591 0.387753 0.378434 0.404232 0.415970 0.384572 0.376098 0.363884 0.387849 0.393157 0.375589 0.371766 0.379795 0.377041 0.391770 0.408440 0.377639 0.377641 0.367556 0.374603 0.416511 0.744956 0.957162 0.968679 0.973541 0.969717 0.904260 0.741351 0.607979 0.529982 0.489394 0.423011 0.398182 
0.370631 0.382542 0.392063 0.365035 0.344806 0.368739 0.403424 0.384673 0.383632 0.381361 0.365928 0.371421 0.400390 0.575831 0.930357 0.947213 0.809380 0.560531 0.325534 0.153497 0.120750 0.168583 0.257337 0.290121 0.320998 0.657918 0.950397 0.960244 0.838193 0.755766 0.476050 0.396350 0.403263 0.401820 0.423340 0.449240 0.431816 0.387144 0.378106 0.366172 0.377731 0.372189 0.365212 0.369722 0.367057 0.401085 0.381697 0.370667 0.369497 0.372360 0.371559 0.429874 0.760969 0.955867 0.968133 0.974167 0.972987 0.933846 0.742255 0.584483 0.518550 0.481342 0.475111 0.423645 
0.368803 0.378131 0.412896 0.385396 0.380209 0.384524 0.404558 0.400313 0.379897 0.370134 0.362351 0.371998 0.399648 0.589930 0.925845 0.941796 0.823151 0.624549 0.325305 0.162236 0.122585 0.181534 0.307699 0.331569 0.349930 0.663350 0.946947 0.958570 0.836891 0.764540 0.506209 0.374304 0.374822 0.402740 0.409572 0.413534 0.400207 0.386790 0.363701 0.363616 0.365159 0.366755 0.380972 0.383735 0.392079 0.407625 0.386822 0.364188 0.376237 0.362300 0.360552 0.433725 0.753064 0.954050 0.971510 0.972905 0.971497 0.929322 0.745615 0.604548 0.536535 0.527232 0.511435 0.482931 
0.369989 0.372615 0.376048 0.364945 0.351923 0.384697 0.404263 0.370274 0.367237 0.365722 0.368547 0.377236 0.400201 0.578242 0.922827 0.942226 0.835758 0.736574 0.368407 0.210512 0.151669 0.252992 0.325135 0.347718 0.367859 0.662284 0.949154 0.948753 0.831775 0.760100 0.503422 0.375312 0.387307 0.405884 0.422377 0.415411 0.385961 0.380056 0.383114 0.419724 0.401302 0.375633 0.376661 0.395712 0.387078 0.353512 0.345141 0.359195 0.371112 0.359201 0.376072 0.456553 0.747408 0.952728 0.968664 0.973367 0.967750 0.886607 0.757212 0.636682 0.558345 0.544832 0.530974 0.536062 
0.373015 0.376680 0.356617 0.361231 0.352095 0.376318 0.397343 0.370514 0.364788 0.391428 0.374108 0.373986 0.383590 0.552032 0.911078 0.943691 0.844060 0.785183 0.448187 0.275042 0.198411 0.315175 0.345650 0.358112 0.371240 0.672765 0.948069 0.943997 0.817869 0.707299 0.495316 0.381581 0.385238 0.400785 0.409742 0.394291 0.374347 0.353551 0.368794 0.383445 0.367806 0.376706 0.365850 0.363897 0.381977 0.372887 0.379106 0.377864 0.380014 0.368717 0.388135 0.466100 0.772207 0.955652 0.966956 0.973118 0.963408 0.858395 0.754650 0.650988 0.547682 0.541583 0.544173 0.523026 
0.356798 0.368722 0.353681 0.361005 0.371318 0.404309 0.422018 0.374817 0.373480 0.376084 0.352508 0.357050 0.389020 0.549095 0.929558 0.951998 0.845536 0.796544 0.457904 0.314637 0.260828 0.341938 0.359753 0.362037 0.378292 0.687904 0.953160 0.946329 0.800816 0.704792 0.513266 0.388587 0.403479 0.443345 0.454518 0.423353 0.370044 0.362896 0.361769 0.377987 0.374318 0.384129 0.375873 0.367884 0.377673 0.387304 0.376366 0.365400 0.370572 0.370116 0.375726 0.434480 0.770233 0.953060 0.965898 0.967599 0.954224 0.874006 0.757952 0.661406 0.561762 0.550264 0.549500 0.522593 
0.371648 0.366615 0.376759 0.347296 0.354117 0.390029 0.408942 0.368850 0.357202 0.365655 0.358710 0.366592 0.417822 0.579837 0.930970 0.944635 0.864044 0.795197 0.457286 0.320055 0.303048 0.357393 0.369036 0.345500 0.348520 0.677868 0.948469 0.949500 0.820973 0.741699 0.512115 0.405779 0.395948 0.431928 0.474446 0.482621 0.413862 0.379566 0.382128 0.388509 0.398814 0.380344 0.368893 0.370308 0.366810 0.346315 0.362462 0.377125 0.392864 0.367530 0.372237 0.432543 0.755689 0.953094 0.968731 0.970791 0.949417 0.878422 0.746629 0.653715 0.568378 0.565291 0.551097 0.530035 
0.376788 0.364504 0.397827 0.388789 0.382356 0.385136 0.410153 0.392870 0.371386 0.367396 0.371487 0.398683 0.457140 0.713759 0.947345 0.941881 0.873055 0.800798 0.464196 0.354119 0.325153 0.353030 0.353259 0.360858 0.372298 0.697058 0.947905 0.953166 0.842335 0.771683 0.521738 0.418205 0.417597 0.454796 0.494598 0.477029 0.389945 0.372256 0.364793 0.373322 0.369696 0.376057 0.371931 0.381801 0.361274 0.377089 0.368517 0.383005 0.401698 0.362239 0.383709 0.433601 0.758048 0.948165 0.961898 0.970683 0.946504 0.854106 0.739386 0.629564 0.552251 0.540176 0.534272 0.534611 
0.374374 0.361815 0.381944 0.381995 0.374575 0.364669 0.379082 0.360977 0.357244 0.357376 0.369660 0.419261 0.494035 0.723769 0.942519 0.949348 0.860251 0.799912 0.459247 0.327553 0.325819 0.359066 0.350705 0.359784 0.405068 0.730732 0.953179 0.948611 0.832618 0.780717 0.496911 0.379461 0.417974 0.446394 0.486457 0.455259 0.366265 0.366822 0.378425 0.390364 0.376129 0.366943 0.375683 0.388369 0.368788 0.358205 0.351302 0.351289 0.356760 0.350303 0.363428 0.429597 0.770333 0.952739 0.961684 0.970239 0.957601 0.842620 0.738946 0.600370 0.558974 0.552984 0.539645 0.513344 
0.396798 0.395555 0.384247 0.371470 0.382286 0.386036 0.396796 0.366592 0.369722 0.376902 0.381372 0.416812 0.496457 0.680246 0.946939 0.947814 0.878374 0.794442 0.481619 0.345916 0.343154 0.381370 0.362977 0.372416 0.418367 0.765514 0.959724 0.954764 0.848268 0.788689 0.499436 0.389196 0.420786 0.467725 0.523019 0.478682 0.392595 0.368680 0.377098 0.374909 0.376216 0.364851 0.366064 0.375739 0.362573 0.362375 0.352566 0.358888 0.358003 0.374375 0.385729 0.468527 0.799252 0.954718 0.968665 0.971708 0.953882 0.840350 0.746731 0.609842 0.551961 0.551911 0.536248 0.532110 
0.378875 0.369488 0.381393 0.383987 0.378031 0.394467 0.402001 0.356228 0.362893 0.380144 0.383053 0.392869 0.450698 0.645889 0.943162 0.947077 0.859090 0.797203 0.454433 0.350531 0.356618 0.386895 0.367180 0.361813 0.450667 0.809081 0.952802 0.955512 0.853645 0.788726 0.456788 0.402972 0.444911 0.527004 0.551359 0.510496 0.368252 0.343351 0.358303 0.360965 0.357779 0.370119 0.371089 0.379198 0.381010 0.365739 0.367717 0.347875 0.356897 0.363563 0.409994 0.484178 0.801171 0.958949 0.964390 0.968904 0.962174 0.864745 0.760398 0.606097 0.560531 0.552433 0.538425 0.512119 
0.363441 0.374129 0.367887 0.359739 0.363574 0.369631 0.374453 0.366865 0.377789 0.377270 0.379102 0.411233 0.470671 0.704216 0.941636 0.940666 0.848189 0.800710 0.482001 0.374571 0.370790 0.385187 0.369519 0.389455 0.481782 0.819559 0.955639 0.948085 0.836463 0.786954 0.483706 0.419436 0.480043 0.547034 0.542426 0.532323 0.396859 0.379839 0.372380 0.374578 0.365613 0.364436 0.371041 0.367039 0.366688 0.356454 0.353406 0.342835 0.347878 0.373543 0.398625 0.481801 0.801943 0.962409 0.966924 0.966477 0.956975 0.848512 0.742395 0.631061 0.558430 0.552780 0.540278 0.516816 
0.378150 0.383929 0.409600 0.377746 0.377781 0.390724 0.405753 0.392204 0.379219 0.371944 0.390985 0.393092 0.479885 0.773383 0.949747 0.932854 0.833124 0.793570 0.452110 0.361151 0.390190 0.392315 0.384058 0.403030 0.477165 0.802089 0.959392 0.942962 0.829283 0.782838 0.488456 0.482019 0.530165 0.562381 0.549639 0.532736 0.401860 0.380261 0.370011 0.370855 0.363402 0.356766 0.348008 0.341044 0.358143 0.388438 0.376549 0.380374 0.375759 0.372034 0.383222 0.489027 0.804018 0.963417 0.972986 0.968294 0.941736 0.823834 0.736345 0.632456 0.553291 0.555812 0.552792 0.533426 
0.364752 0.386193 0.390395 0.370489 0.373828 0.376713 0.393338 0.369876 0.350147 0.356173 0.362191 0.388073 0.474045 0.798719 0.947605 0.906569 0.824099 0.786453 0.425812 0.356431 0.393757 0.403615 0.381899 0.392575 0.481989 0.814887 0.947291 0.929561 0.848808 0.791324 0.472098 0.501732 0.537557 0.554806 0.552183 0.538523 0.400270 0.363998 0.361784 0.390363 0.370473 0.376456 0.359813 0.372417 0.381616 0.384170 0.385525 0.394673 0.396451 0.369221 0.388117 0.477185 0.809177 0.964132 0.974229 0.973661 0.954583 0.812629 0.739719 0.601100 0.566001 0.553925 0.556574 0.524053 
0.365036 0.361717 0.383483 0.358972 0.371243 0.384410 0.403038 0.375729 0.367848 0.365708 0.382916 0.424298 0.484352 0.777965 0.952496 0.939762 0.834123 0.789599 0.465064 0.377835 0.398458 0.422396 0.397958 0.407591 0.499063 0.861471 0.958974 0.930238 0.868487 0.798581 0.501868 0.517338 0.532164 0.548605 0.563595 0.493130 0.367824 0.367018 0.366927 0.380898 0.371286 0.386078 0.370393 0.362705 0.367450 0.363352 0.367124 0.373279 0.371990 0.361941 0.378981 0.488557 0.825009 0.963562 0.972946 0.971488 0.955339 0.814445 0.737395 0.618177 0.564887 0.542759 0.544870 0.530530 
0.376776 0.375961 0.377419 0.383941 0.388647 0.408891 0.413056 0.369575 0.367555 0.371295 0.365363 0.386210 0.473683 0.774785 0.952548 0.956521 0.863727 0.790279 0.505015 0.365125 0.401654 0.422397 0.409021 0.430744 0.527526 0.895450 0.960940 0.929302 0.874072 0.800205 0.520419 0.533337 0.547031 0.567370 0.568129 0.470831 0.356641 0.357998 0.385252 0.368491 0.356650 0.358963 0.360684 0.362456 0.364414 0.364313 0.359530 0.351493 0.361396 0.376685 0.389866 0.488442 0.856303 0.964352 0.966797 0.968915 0.956634 0.809994 0.712156 0.599974 0.558260 0.551092 0.549178 0.515915 
0.371956 0.359230 0.367011 0.375546 0.368664 0.388787 0.390769 0.356042 0.358489 0.359521 0.348320 0.373628 0.456474 0.777402 0.952373 0.955635 0.886334 0.794669 0.514132 0.373874 0.395429 0.400961 0.404569 0.452643 0.524027 0.864369 0.956988 0.932105 0.871822 0.800138 0.513317 0.528086 0.551740 0.564886 0.569644 0.506580 0.375103 0.361885 0.362686 0.358281 0.365858 0.370325 0.369044 0.351028 0.354287 0.388177 0.367168 0.356071 0.346253 0.353520 0.382794 0.500404 0.863278 0.965949 0.971659 0.965761 0.951143 0.815297 0.717405 0.593482 0.558859 0.554708 0.547808 0.494700 
0.373807 0.424456 0.412503 0.382891 0.373286 0.385669 0.398457 0.374977 0.376365 0.358784 0.375964 0.413027 0.490281 0.782965 0.948641 0.951977 0.880191 0.791447 0.508610 0.382174 0.386736 0.408545 0.416679 0.457139 0.512019 0.840074 0.953440 0.937309 0.852545 0.787360 0.508398 0.536344 0.557362 0.560755 0.598590 0.536903 0.385177 0.374252 0.371934 0.355476 0.375780 0.374050 0.374142 0.365032 0.369068 0.372590 0.370454 0.370450 0.376271 0.382701 0.432437 0.512738 0.850106 0.959675 0.971301 0.964428 0.946243 0.823168 0.721267 0.587188 0.547774 0.551855 0.543897 0.521987 
0.371820 0.404910 0.408872 0.379787 0.380983 0.381649 0.388117 0.369945 0.344663 0.350510 0.366191 0.403879 0.483192 0.800470 0.952389 0.942998 0.878161 0.788638 0.506219 0.385400 0.388589 0.438091 0.427457 0.455435 0.507701 0.843786 0.957555 0.938731 0.875694 0.791173 0.531007 0.560733 0.603651 0.614814 0.674085 0.598390 0.433460 0.363791 0.360968 0.357602 0.360540 0.365241 0.356703 0.354499 0.342646 0.350461 0.370878 0.384162 0.387814 0.373435 0.430811 0.520715 0.896471 0.967443 0.973580 0.968920 0.936621 0.823845 0.728442 0.609067 0.553896 0.557158 0.546570 0.535276 
0.368372 0.384090 0.367357 0.349887 0.338151 0.351411 0.365449 0.363318 0.367012 0.363989 0.376286 0.415486 0.496846 0.814608 0.956660 0.940646 0.875548 0.792845 0.498201 0.393886 0.404040 0.445596 0.452111 0.480249 0.534701 0.896414 0.964013 0.962262 0.902298 0.810986 0.594052 0.734623 0.826607 0.840606 0.819371 0.739120 0.439825 0.386553 0.399087 0.371784 0.379564 0.390465 0.377204 0.372053 0.370683 0.358051 0.355703 0.365915 0.363632 0.357501 0.387116 0.482690 0.876276 0.959901 0.972786 0.972293 0.941346 0.816204 0.732221 0.607137 0.551706 0.564346 0.543238 0.534161 
0.380718 0.373417 0.393185 0.380155 0.374146 0.430253 0.399799 0.394493 0.383669 0.363307 0.363835 0.415863 0.515476 0.848687 0.960948 0.938322 0.841953 0.795500 0.485245 0.416540 0.480247 0.544370 0.527556 0.547497 0.590939 0.930703 0.966961 0.961279 0.939809 0.932335 0.891328 0.956558 0.956581 0.944296 0.863214 0.776945 0.391416 0.380448 0.390786 0.368774 0.353881 0.349064 0.354802 0.374983 0.352945 0.388749 0.380061 0.362350 0.361276 0.376891 0.406030 0.505226 0.882786 0.966696 0.974340 0.972368 0.937622 0.809487 0.730885 0.603708 0.557504 0.541931 0.535391 0.518033 
0.348638 0.356549 0.369372 0.369962 0.366359 0.442625 0.372809 0.340149 0.351728 0.355127 0.378720 0.416307 0.499375 0.815072 0.946972 0.935966 0.869829 0.793670 0.543412 0.540672 0.592270 0.624558 0.722505 0.804409 0.864280 0.956792 0.961628 0.938609 0.939988 0.948808 0.933652 0.933392 0.915143 0.908076 0.830541 0.648323 0.369079 0.356929 0.344546 0.347957 0.356896 0.357046 0.367349 0.385728 0.372424 0.377658 0.363416 0.355126 0.361881 0.354214 0.386461 0.498615 0.888876 0.960226 0.973126 0.970516 0.925823 0.815185 0.735885 0.612090 0.558955 0.555324 0.545247 0.527463 
0.368281 0.376800 0.373184 0.366683 0.367213 0.416101 0.409020 0.357202 0.376196 0.356040 0.377391 0.437848 0.524953 0.817248 0.959391 0.943725 0.932057 0.901055 0.792155 0.835196 0.866014 0.902574 0.918771 0.918833 0.918209 0.925403 0.928691 0.901409 0.915819 0.916720 0.878481 0.852885 0.829405 0.831282 0.800941 0.642782 0.450035 0.361305 0.355705 0.368079 0.383061 0.377715 0.366243 0.350833 0.359957 0.345954 0.342409 0.351788 0.357377 0.356997 0.385258 0.492373 0.838250 0.955647 0.968083 0.966924 0.937168 0.830504 0.733934 0.613407 0.576061 0.554478 0.546245 0.534148 
0.376022 0.393041 0.377116 0.366333 0.377125 0.403912 0.412116 0.364566 0.353486 0.338291 0.369559 0.424620 0.529193 0.806645 0.956482 0.949804 0.943674 0.915316 0.916355 0.934518 0.918542 0.903892 0.878259 0.860675 0.854868 0.861814 0.868901 0.836509 0.840265 0.844081 0.818468 0.797236 0.781766 0.779384 0.752417 0.598965 0.439452 0.355991 0.359635 0.347708 0.367994 0.354660 0.348854 0.347995 0.355143 0.357175 0.352241 0.371916 0.379751 0.378411 0.404222 0.527716 0.871637 0.958024 0.965867 0.965316 0.937164 0.812571 0.728064 0.590643 0.563452 0.554677 0.545830 0.532874 
0.381329 0.368245 0.352780 0.351689 0.364196 0.387098 0.399482 0.352169 0.341512 0.343312 0.389064 0.515470 0.563180 0.814739 0.943219 0.935971 0.917061 0.912216 0.924934 0.924813 0.874747 0.845668 0.832834 0.823525 0.823589 0.812851 0.809035 0.788651 0.803969 0.791141 0.742001 0.705471 0.629559 0.504205 0.467656 0.483655 0.387406 0.354373 0.361985 0.375898 0.369983 0.376159 0.378209 0.398471 0.394256 0.374295 0.364514 0.364371 0.392265 0.382291 0.392100 0.545242 0.896445 0.950790 0.957706 0.962929 0.921888 0.806609 0.729481 0.580683 0.560331 0.547035 0.539360 0.508929 
