0.468256 0.388874 0.344769 0.336588 0.379779 0.306263 0.321821 0.341726 0.339006 0.297555 0.316332 0.349307 0.383635 0.399871 0.404981 0.390008 0.374459 0.360409 0.401292 0.384702 0.336555 0.295222 0.259780 0.193772 0.234751 0.113877 0.188368 0.130240 0.137686 0.157884 0.126011 0.107013 0.118842 0.144761 0.148425 0.112147 0.124744 0.114363 0.134142 0.162317 0.130318 0.140100 0.124780 0.125991 0.099948 0.118055 0.112109 0.090707 0.120785 0.103718 0.103968 0.091781 0.082686 0.087547 0.071125 0.088911 0.108788 0.073707 0.095128 0.083162 0.089338 0.060241 0.051380 0.035411 
0.563789 0.404673 0.336724 0.359514 0.333405 0.344231 0.386080 0.394006 0.378604 0.379037 0.374684 0.411022 0.372487 0.397697 0.409953 0.345822 0.347429 0.361314 0.370233 0.415290 0.379208 0.399499 0.354421 0.279642 0.294305 0.203903 0.134166 0.130156 0.140080 0.114739 0.138264 0.177620 0.125758 0.117062 0.123958 0.085202 0.120815 0.089806 0.132912 0.129548 0.137718 0.136455 0.155029 0.143078 0.184032 0.123443 0.108419 0.090856 0.105488 0.098145 0.087998 0.072906 0.098806 0.068612 0.108663 0.112482 0.104659 0.045647 0.059601 0.036226 0.077089 0.058363 0.074327 0.066518 
0.383063 0.312010 0.325091 0.348969 0.405159 0.376651 0.397087 0.411486 0.390969 0.398920 0.349734 0.364890 0.332089 0.363256 0.403355 0.392157 0.431735 0.397997 0.369183 0.382907 0.384713 0.387728 0.365893 0.371445 0.341607 0.295357 0.184549 0.186955 0.146289 0.149653 0.097205 0.121388 0.160677 0.108411 0.115757 0.130265 0.121913 0.131274 0.145194 0.122370 0.141012 0.153423 0.139974 0.119529 0.134208 0.088231 0.110486 0.096221 0.124972 0.086155 0.070824 0.085784 0.124770 0.110000 0.091850 0.070139 0.030360 0.042046 0.055203 0.064124 0.092534 0.088035 0.069393 0.039438 
0.398836 0.337462 0.325081 0.370922 0.356333 0.331302 0.352337 0.347174 0.369400 0.365683 0.369239 0.355353 0.410895 0.401258 0.367448 0.355595 0.361190 0.368042 0.368736 0.329367 0.415620 0.464812 0.401801 0.360557 0.385209 0.349412 0.272593 0.219019 0.144193 0.143039 0.125686 0.178143 0.146072 0.113500 0.153271 0.149184 0.121534 0.157527 0.136548 0.165049 0.132057 0.178671 0.155985 0.152408 0.137282 0.124397 0.126975 0.095644 0.118468 0.114225 0.087036 0.077920 0.063616 0.035150 0.083601 0.084562 0.077137 0.066498 0.074580 0.033331 0.043375 0.083660 0.035373 0.051078 
0.366290 0.338501 0.340899 0.466751 0.425777 0.395227 0.372729 0.386970 0.397739 0.380110 0.342023 0.341724 0.368160 0.332971 0.337355 0.341842 0.382601 0.368731 0.410376 0.435434 0.440311 0.418875 0.373819 0.357520 0.322117 0.343898 0.354874 0.355492 0.284356 0.263198 0.168856 0.188295 0.175269 0.146819 0.133468 0.105032 0.115579 0.104036 0.140758 0.137617 0.147880 0.197525 0.191149 0.153483 0.143746 0.124559 0.114103 0.162376 0.094201 0.114389 0.117443 0.112860 0.104073 0.107762 0.090334 0.073124 0.042219 0.044820 0.045066 0.071387 0.043992 0.036615 0.089842 0.079177 
0.361403 0.381126 0.357131 0.414000 0.354722 0.368746 0.373725 0.400292 0.383494 0.322130 0.328760 0.326543 0.377764 0.377946 0.380594 0.403837 0.365455 0.370122 0.407511 0.414586 0.402389 0.351646 0.313113 0.340114 0.390234 0.411220 0.415929 0.412829 0.382586 0.389512 0.300263 0.181697 0.169423 0.142737 0.114886 0.121485 0.147568 0.117043 0.182952 0.146878 0.179804 0.162657 0.116280 0.168017 0.156672 0.095244 0.153785 0.182985 0.158610 0.158977 0.113077 0.097366 0.091222 0.096873 0.111202 0.087687 0.072179 0.064881 0.079861 0.051091 0.036292 0.084143 0.091658 0.067043 
0.446674 0.373188 0.377922 0.379856 0.358303 0.337634 0.338681 0.408235 0.439083 0.376555 0.384170 0.354504 0.359950 0.359597 0.404911 0.373770 0.375681 0.368646 0.389952 0.366504 0.370202 0.375042 0.372774 0.383558 0.385996 0.374306 0.351510 0.408645 0.341657 0.407590 0.399175 0.367966 0.344049 0.187348 0.183830 0.147110 0.104517 0.129347 0.159178 0.149173 0.108774 0.129496 0.144797 0.140021 0.151131 0.151965 0.134788 0.159196 0.160654 0.162211 0.141564 0.169923 0.096731 0.111655 0.103255 0.149338 0.128056 0.088282 0.118690 0.075996 0.056066 0.088597 0.096233 0.070090 
0.447866 0.373368 0.371039 0.381549 0.376137 0.377346 0.389257 0.420309 0.425113 0.362619 0.376722 0.347515 0.298297 0.305905 0.386711 0.395733 0.417954 0.416454 0.385216 0.395540 0.383141 0.356342 0.358017 0.325038 0.371066 0.364007 0.354344 0.351155 0.422711 0.406968 0.408652 0.412867 0.391275 0.281974 0.266697 0.148335 0.171295 0.147432 0.141837 0.144885 0.147430 0.133928 0.122399 0.138242 0.113620 0.124632 0.123416 0.132995 0.106436 0.130041 0.148923 0.127565 0.136696 0.124395 0.107491 0.143370 0.084927 0.079539 0.126826 0.095833 0.107107 0.085108 0.070862 0.051252 
0.491429 0.346564 0.326196 0.370747 0.350307 0.300569 0.348406 0.413997 0.328874 0.348570 0.358423 0.361039 0.382223 0.402488 0.398457 0.390814 0.355394 0.393289 0.348405 0.363820 0.357960 0.357469 0.379067 0.374762 0.395403 0.397970 0.371287 0.408512 0.394011 0.381229 0.367146 0.385806 0.319705 0.333868 0.412319 0.309156 0.190762 0.136942 0.146315 0.136272 0.170917 0.132757 0.166214 0.166157 0.142748 0.185496 0.159582 0.153052 0.100270 0.122948 0.138425 0.113358 0.130789 0.089397 0.163274 0.151795 0.091368 0.134544 0.095515 0.103482 0.094816 0.138300 0.086448 0.090064 
0.448060 0.391668 0.407204 0.422660 0.376634 0.393945 0.357176 0.427004 0.356732 0.387789 0.375114 0.382614 0.381482 0.359174 0.330571 0.344716 0.410156 0.344157 0.365608 0.394707 0.419112 0.367227 0.416403 0.368852 0.368471 0.344749 0.378714 0.407315 0.402912 0.396758 0.385348 0.425175 0.394644 0.427574 0.391264 0.330055 0.302846 0.260919 0.228870 0.163124 0.142282 0.212977 0.167417 0.198064 0.137267 0.174447 0.135913 0.113042 0.142054 0.113590 0.143717 0.124237 0.120693 0.129883 0.153520 0.116342 0.119836 0.109235 0.055741 0.141164 0.099641 0.118767 0.064696 0.116494 
0.347612 0.317539 0.352270 0.418017 0.387178 0.361551 0.352641 0.385083 0.411102 0.378368 0.321695 0.331491 0.388677 0.397582 0.387142 0.385905 0.382409 0.375720 0.389102 0.386751 0.362077 0.353486 0.384509 0.358891 0.378461 0.419875 0.423566 0.419269 0.459296 0.501413 0.413054 0.335484 0.368982 0.386072 0.350671 0.348827 0.409824 0.368590 0.358909 0.294099 0.209404 0.120237 0.147695 0.128498 0.142580 0.139083 0.106448 0.111879 0.131023 0.135714 0.151205 0.133633 0.112499 0.104657 0.098600 0.127848 0.107410 0.115558 0.097327 0.138607 0.122026 0.142396 0.123394 0.134804 
0.605300 0.355460 0.353291 0.375575 0.335534 0.323634 0.337479 0.412066 0.350661 0.363611 0.385594 0.415527 0.422381 0.414762 0.430995 0.413546 0.388241 0.353369 0.397583 0.362990 0.359920 0.387751 0.356380 0.345412 0.366843 0.414655 0.370913 0.404919 0.409807 0.414171 0.396874 0.424042 0.403106 0.472481 0.463147 0.413962 0.440638 0.393510 0.374195 0.342489 0.280003 0.237084 0.147983 0.160528 0.161134 0.127346 0.143111 0.151913 0.151715 0.102300 0.120367 0.115233 0.120946 0.076929 0.139972 0.158676 0.147405 0.136877 0.164500 0.118242 0.081880 0.112496 0.134847 0.111159 
0.486299 0.342056 0.365156 0.379725 0.390337 0.394787 0.376667 0.430324 0.396426 0.381349 0.438814 0.422674 0.399087 0.354011 0.367361 0.357176 0.396394 0.407577 0.454463 0.414020 0.449598 0.375663 0.381177 0.359052 0.350523 0.358957 0.343485 0.399070 0.398865 0.451592 0.415873 0.456049 0.460561 0.368189 0.377302 0.404499 0.363877 0.335465 0.392665 0.335108 0.345994 0.377256 0.338359 0.277431 0.178062 0.163148 0.180161 0.106221 0.128607 0.116843 0.141488 0.137280 0.093591 0.108869 0.125370 0.117432 0.144807 0.147905 0.134873 0.132237 0.149765 0.163394 0.124620 0.105264 
0.388115 0.347958 0.326763 0.340860 0.359168 0.338562 0.414679 0.479351 0.368646 0.385624 0.426421 0.391004 0.360897 0.321233 0.372040 0.416297 0.414724 0.384677 0.373384 0.365362 0.394207 0.351251 0.341800 0.390868 0.391918 0.396734 0.407735 0.414658 0.387212 0.390783 0.379618 0.369804 0.389375 0.379983 0.368945 0.415693 0.418137 0.428695 0.425468 0.422091 0.427359 0.394389 0.383461 0.375878 0.263456 0.225901 0.174189 0.179469 0.123994 0.123798 0.161816 0.140480 0.076009 0.096807 0.112639 0.150124 0.125988 0.140368 0.136177 0.120108 0.179578 0.153804 0.130262 0.092738 
0.379655 0.363618 0.338376 0.397896 0.396450 0.376866 0.405588 0.402478 0.415335 0.378749 0.397485 0.433863 0.368136 0.389849 0.372563 0.389913 0.421452 0.394551 0.378761 0.368626 0.421658 0.429577 0.426829 0.419202 0.378489 0.342833 0.377204 0.378779 0.333413 0.368774 0.361775 0.381313 0.395988 0.403330 0.387469 0.359644 0.376618 0.392024 0.394872 0.389855 0.408807 0.379209 0.385514 0.400132 0.423036 0.353245 0.260893 0.113278 0.113984 0.151324 0.130903 0.099807 0.159317 0.127548 0.147514 0.146530 0.141097 0.128968 0.138267 0.139205 0.119569 0.092884 0.115483 0.154898 
0.335145 0.340077 0.355281 0.376070 0.391579 0.352621 0.397907 0.410101 0.386478 0.358327 0.347383 0.358940 0.321955 0.340894 0.383323 0.409516 0.448634 0.373376 0.372772 0.414026 0.374135 0.411316 0.383989 0.340007 0.357497 0.365168 0.378876 0.413589 0.406505 0.416101 0.389858 0.370261 0.367458 0.367967 0.341485 0.358977 0.367685 0.390138 0.449813 0.394439 0.425449 0.432025 0.393704 0.435258 0.372046 0.326581 0.299763 0.292100 0.238067 0.187757 0.159639 0.131735 0.142589 0.144743 0.143916 0.113059 0.106462 0.094298 0.134346 0.135444 0.147966 0.114908 0.142500 0.165087 
0.431024 0.417358 0.348637 0.370801 0.376270 0.385216 0.351356 0.354168 0.351780 0.388456 0.372258 0.392730 0.395605 0.372238 0.378792 0.377415 0.371639 0.344184 0.395301 0.367921 0.362026 0.406718 0.397980 0.387707 0.429155 0.356049 0.345412 0.356611 0.387475 0.356029 0.348643 0.346326 0.346659 0.406765 0.409998 0.429384 0.420747 0.419405 0.443343 0.361044 0.378916 0.382097 0.345518 0.382853 0.424454 0.406698 0.400463 0.431695 0.396785 0.306503 0.247164 0.141276 0.118497 0.126776 0.108212 0.144527 0.133300 0.135124 0.168777 0.138440 0.111149 0.174338 0.180601 0.156944 
0.472705 0.387394 0.363399 0.376457 0.383812 0.413115 0.414245 0.406533 0.404649 0.438643 0.400614 0.381853 0.417191 0.382175 0.355323 0.357335 0.339975 0.389497 0.384899 0.424265 0.403244 0.340747 0.326646 0.362485 0.417712 0.379554 0.321017 0.365743 0.362574 0.406227 0.407969 0.427737 0.428257 0.404171 0.361539 0.382173 0.376515 0.368006 0.331547 0.377274 0.379787 0.382559 0.410150 0.390898 0.349954 0.363889 0.343210 0.366930 0.366163 0.359555 0.348229 0.305462 0.172614 0.156397 0.167703 0.167526 0.150610 0.156152 0.171251 0.163530 0.215180 0.302689 0.309544 0.283826 
0.421505 0.335025 0.306635 0.319062 0.333684 0.297910 0.366419 0.388449 0.363159 0.389842 0.342764 0.370680 0.391334 0.368587 0.350214 0.459017 0.408815 0.428450 0.390228 0.367500 0.347945 0.337124 0.388926 0.385682 0.376376 0.393704 0.414531 0.365161 0.382300 0.367497 0.327312 0.386119 0.358111 0.340967 0.384970 0.404500 0.391044 0.432723 0.367009 0.363471 0.352053 0.361028 0.341942 0.327046 0.314189 0.342075 0.368418 0.342552 0.379532 0.357491 0.421029 0.381331 0.332603 0.234042 0.207642 0.183740 0.223428 0.212088 0.208676 0.297892 0.450172 0.369952 0.430979 0.459521 
0.408140 0.397547 0.376097 0.440312 0.352253 0.348347 0.368507 0.418170 0.375401 0.395849 0.365886 0.417709 0.377332 0.356723 0.343466 0.353815 0.350764 0.362195 0.350550 0.352056 0.394147 0.420020 0.427170 0.388733 0.406527 0.371469 0.373259 0.365889 0.359463 0.325935 0.364386 0.364971 0.359381 0.463487 0.419045 0.399462 0.406223 0.402150 0.326023 0.292590 0.287845 0.310715 0.366877 0.368459 0.414061 0.382101 0.389527 0.402175 0.344240 0.374040 0.341182 0.274421 0.241941 0.309649 0.250586 0.315623 0.399395 0.398023 0.404222 0.402782 0.492779 0.478969 0.521137 0.550374 
0.353364 0.336824 0.340664 0.392308 0.359883 0.351001 0.394813 0.449176 0.386029 0.381104 0.413708 0.428185 0.395004 0.372182 0.333041 0.340267 0.379752 0.380180 0.416526 0.381278 0.374535 0.396003 0.435771 0.318164 0.344704 0.342544 0.365304 0.371448 0.416809 0.410877 0.367724 0.380537 0.379063 0.383926 0.380117 0.347137 0.421657 0.394471 0.343258 0.405300 0.394987 0.430523 0.424226 0.398857 0.384094 0.347824 0.336019 0.367323 0.382225 0.335369 0.343320 0.147113 0.196032 0.363347 0.365374 0.385788 0.462774 0.502926 0.498166 0.505346 0.526736 0.545641 0.553984 0.592996 
0.351889 0.374813 0.374964 0.371456 0.370458 0.347192 0.367454 0.384565 0.324796 0.375758 0.323934 0.373227 0.367800 0.405696 0.405914 0.420806 0.361141 0.378749 0.378528 0.345953 0.361804 0.361221 0.406309 0.377381 0.373792 0.353295 0.420535 0.374052 0.361978 0.341603 0.350938 0.363263 0.352729 0.357144 0.368937 0.392197 0.413834 0.394661 0.384137 0.379699 0.377891 0.376188 0.347965 0.347003 0.354837 0.391227 0.375980 0.364114 0.400702 0.380988 0.346883 0.219698 0.175895 0.352785 0.482545 0.475220 0.524897 0.575238 0.558268 0.588087 0.554610 0.594553 0.551476 0.519009 
0.427155 0.401044 0.398259 0.380871 0.370966 0.386869 0.433042 0.407011 0.395643 0.449065 0.372160 0.350524 0.332142 0.343132 0.368519 0.348450 0.341191 0.343868 0.394268 0.442181 0.400088 0.408817 0.381896 0.357308 0.359308 0.333444 0.343639 0.341924 0.364592 0.346604 0.393422 0.377519 0.375833 0.376063 0.401970 0.399611 0.384754 0.338703 0.343051 0.370641 0.342110 0.369540 0.388853 0.439589 0.412941 0.391619 0.354024 0.364477 0.352797 0.343299 0.342541 0.229108 0.137549 0.449103 0.547463 0.541992 0.547444 0.522209 0.493487 0.425636 0.432819 0.417837 0.423747 0.430106 
0.392837 0.339396 0.339229 0.323488 0.351904 0.388093 0.426205 0.438398 0.348808 0.421118 0.320237 0.317588 0.349751 0.327317 0.412453 0.402766 0.444622 0.397338 0.439329 0.420238 0.401414 0.368868 0.308642 0.305837 0.367862 0.376675 0.412153 0.346834 0.371284 0.372537 0.380728 0.394545 0.371505 0.374610 0.389072 0.359809 0.355938 0.417903 0.423637 0.391141 0.384649 0.379025 0.404065 0.377402 0.372350 0.357453 0.352998 0.342107 0.307683 0.386187 0.339752 0.351993 0.241571 0.561247 0.626673 0.515772 0.437024 0.418419 0.379033 0.426282 0.364715 0.400396 0.383497 0.356855 
0.340275 0.316241 0.336765 0.373077 0.360633 0.344688 0.440994 0.429536 0.345657 0.399461 0.393838 0.434574 0.378965 0.371737 0.399338 0.448636 0.357097 0.355377 0.319729 0.348189 0.402944 0.374971 0.343444 0.407545 0.388133 0.426987 0.413564 0.350864 0.341183 0.334347 0.351231 0.349642 0.339407 0.315711 0.349316 0.342029 0.370781 0.427613 0.409798 0.376383 0.328781 0.363999 0.382533 0.357452 0.350944 0.342778 0.359296 0.397210 0.385402 0.380739 0.397375 0.373506 0.381692 0.659714 0.743593 0.638010 0.581401 0.426998 0.303626 0.196316 0.232361 0.236308 0.238417 0.249402 
0.336358 0.289102 0.343137 0.412662 0.405571 0.424113 0.428058 0.441932 0.430059 0.421188 0.385614 0.377074 0.347781 0.339238 0.352781 0.390728 0.366463 0.401359 0.395508 0.352542 0.368821 0.362381 0.377191 0.354866 0.344064 0.370046 0.384048 0.357808 0.394466 0.362020 0.380898 0.368603 0.332549 0.370243 0.401064 0.424604 0.400444 0.391262 0.347922 0.382063 0.378657 0.430781 0.402168 0.402883 0.398947 0.374102 0.339974 0.314673 0.328150 0.356201 0.336177 0.304371 0.428047 0.705049 0.874737 0.679690 0.644436 0.485244 0.218787 0.245833 0.237168 0.281723 0.305369 0.316204 
0.336784 0.295409 0.364821 0.414195 0.374676 0.356452 0.396916 0.394722 0.321018 0.340911 0.345890 0.369057 0.393506 0.439404 0.386711 0.389011 0.402578 0.360860 0.417718 0.343730 0.350509 0.343805 0.360332 0.364350 0.354367 0.368943 0.352213 0.331372 0.366685 0.389575 0.446994 0.444378 0.425194 0.504190 0.552878 0.503607 0.435238 0.396297 0.384397 0.438771 0.400064 0.383521 0.362410 0.339046 0.345753 0.311515 0.330997 0.349074 0.395646 0.428166 0.377889 0.368475 0.488872 0.806821 0.769611 0.733615 0.657970 0.474662 0.297016 0.213198 0.232003 0.252622 0.316882 0.332320 
0.377067 0.376839 0.377977 0.372953 0.374855 0.369426 0.386247 0.395180 0.371002 0.407288 0.357243 0.346445 0.367887 0.415350 0.398540 0.359424 0.382700 0.347985 0.340414 0.370364 0.381659 0.357001 0.383102 0.387845 0.350084 0.386865 0.430877 0.449304 0.433148 0.454068 0.475860 0.517717 0.468009 0.450299 0.357529 0.373370 0.364326 0.357538 0.380414 0.387445 0.324762 0.336748 0.319477 0.393291 0.378130 0.402704 0.409723 0.382509 0.373316 0.364002 0.365929 0.354691 0.520688 0.885847 0.863954 0.756391 0.704930 0.515779 0.298278 0.272725 0.291608 0.324809 0.307846 0.332143 
0.367226 0.363132 0.345775 0.341991 0.383282 0.400674 0.448370 0.382337 0.395818 0.451557 0.371614 0.305289 0.287359 0.296663 0.318987 0.314402 0.362017 0.355157 0.375206 0.378699 0.427897 0.431383 0.397814 0.407964 0.413660 0.504186 0.637496 0.584260 0.470880 0.389104 0.318182 0.304339 0.356013 0.362708 0.329959 0.339281 0.308963 0.334753 0.347000 0.382809 0.381014 0.358087 0.368541 0.388136 0.373026 0.391956 0.351693 0.306815 0.314624 0.298057 0.341588 0.371879 0.548113 0.931314 0.950461 0.794068 0.716725 0.555280 0.333531 0.336930 0.279284 0.264603 0.354380 0.365348 
0.343164 0.399958 0.376973 0.374548 0.335654 0.347774 0.420115 0.399276 0.346450 0.386178 0.382873 0.243629 0.123697 0.106021 0.205491 0.251010 0.404568 0.455405 0.413868 0.490457 0.498053 0.515050 0.514811 0.492876 0.427850 0.448335 0.554804 0.587225 0.445347 0.269629 0.144668 0.191672 0.293765 0.289158 0.365792 0.366891 0.388380 0.435882 0.367117 0.382495 0.350342 0.338268 0.344247 0.330754 0.317315 0.345189 0.344373 0.392168 0.351546 0.368125 0.409706 0.380792 0.559521 0.911839 0.958418 0.824591 0.745814 0.637437 0.386248 0.369345 0.304404 0.326797 0.315528 0.360796 
0.374768 0.363272 0.396147 0.440141 0.374151 0.414493 0.453222 0.435871 0.429194 0.400600 0.391285 0.310172 0.240275 0.014097 0.276550 0.429758 0.479806 0.505375 0.509173 0.466990 0.424171 0.375509 0.283479 0.261694 0.159874 0.287942 0.661666 0.646336 0.469214 0.279965 0.184225 0.182350 0.252171 0.329043 0.318286 0.350721 0.362486 0.363806 0.336760 0.322547 0.329376 0.359592 0.362166 0.399917 0.414078 0.352116 0.380009 0.346295 0.406798 0.369213 0.343263 0.342779 0.533249 0.910059 0.973176 0.944367 0.822616 0.554138 0.368104 0.368621 0.342145 0.340610 0.334844 0.390446 
0.303418 0.326821 0.365667 0.381404 0.355325 0.384117 0.420064 0.395294 0.368746 0.375981 0.336522 0.311204 0.335733 0.092624 0.277438 0.524029 0.406759 0.310519 0.273507 0.159399 0.121064 0.101886 0.075043 0.072188 0.102320 0.316429 0.657689 0.670050 0.511075 0.319646 0.247953 0.164970 0.290787 0.326209 0.325104 0.342687 0.374446 0.357681 0.378888 0.411685 0.358213 0.347518 0.384032 0.362165 0.375825 0.354211 0.313369 0.315861 0.324878 0.345632 0.381844 0.378750 0.587870 0.933904 0.971910 0.961656 0.852650 0.593596 0.445196 0.424369 0.352357 0.337920 0.333799 0.363891 
0.351966 0.357312 0.373933 0.345103 0.358623 0.323368 0.354395 0.378846 0.385988 0.384346 0.416334 0.372363 0.396361 0.231816 0.430037 0.645806 0.430460 0.328413 0.204886 0.094628 0.055216 0.044508 0.062820 0.066257 0.109704 0.229915 0.672074 0.781383 0.474208 0.323074 0.324807 0.259140 0.281762 0.364863 0.342833 0.406950 0.401437 0.403828 0.379227 0.387212 0.339961 0.342694 0.322505 0.320587 0.336907 0.342492 0.368362 0.364862 0.375265 0.366995 0.398222 0.466209 0.636036 0.970296 0.984246 0.964095 0.880839 0.616180 0.396081 0.395288 0.355427 0.359419 0.413673 0.374294 
0.332353 0.299589 0.336003 0.348129 0.326693 0.339560 0.404877 0.377974 0.383560 0.401287 0.388269 0.350057 0.332639 0.297691 0.488784 0.643443 0.440401 0.334047 0.220746 0.095009 0.056646 0.047680 0.072878 0.099020 0.111657 0.351221 0.772561 0.808045 0.527774 0.404489 0.295659 0.350009 0.371432 0.353373 0.388682 0.371124 0.378271 0.357887 0.366130 0.370686 0.376422 0.403203 0.373004 0.371534 0.397240 0.387197 0.338320 0.375364 0.330623 0.339674 0.356709 0.398344 0.632255 0.960605 0.970195 0.985119 0.930292 0.648516 0.522762 0.406205 0.344001 0.402396 0.414722 0.397586 
0.301822 0.325990 0.305086 0.324402 0.336562 0.394423 0.410930 0.349373 0.340504 0.372515 0.408460 0.356704 0.353303 0.365753 0.557419 0.748540 0.453465 0.392951 0.291955 0.073843 0.077276 0.057314 0.086936 0.138403 0.197711 0.453956 0.908942 0.956718 0.569037 0.487716 0.355155 0.309235 0.337326 0.362345 0.358628 0.407969 0.408708 0.386672 0.390897 0.392933 0.363163 0.358046 0.379442 0.348049 0.362045 0.324315 0.349490 0.295882 0.361790 0.358031 0.386946 0.387469 0.599634 0.955745 0.978476 0.986178 0.985894 0.731187 0.476149 0.483084 0.372431 0.373364 0.361797 0.361522 
0.397763 0.353590 0.468626 0.396248 0.324165 0.362578 0.407428 0.418933 0.370817 0.380624 0.409387 0.406593 0.399817 0.448146 0.687801 0.785421 0.546349 0.485696 0.344221 0.165079 0.080007 0.051294 0.199384 0.160679 0.245103 0.446684 0.989043 0.956382 0.770816 0.451905 0.337798 0.342250 0.375466 0.390812 0.380823 0.395574 0.379817 0.368948 0.363751 0.322352 0.342251 0.322195 0.364963 0.390288 0.378581 0.357628 0.390192 0.397536 0.381164 0.370246 0.386901 0.468316 0.638652 0.972416 0.984838 0.968514 0.966818 0.765037 0.558277 0.481270 0.474122 0.446078 0.398916 0.395633 
0.349428 0.374509 0.447182 0.398688 0.398114 0.395208 0.394626 0.428934 0.357120 0.341306 0.380053 0.343135 0.376381 0.478192 0.859698 0.853528 0.580168 0.516330 0.241462 0.140834 0.062956 0.108347 0.198048 0.184528 0.188283 0.576671 0.916671 0.952789 0.776593 0.520929 0.381138 0.325175 0.365104 0.387450 0.402712 0.417445 0.353483 0.345174 0.367671 0.438243 0.436573 0.403218 0.410518 0.401561 0.391237 0.381106 0.337180 0.324769 0.338003 0.315982 0.329606 0.340971 0.638176 0.958216 0.980580 0.985584 0.976085 0.843898 0.598731 0.508512 0.566800 0.561462 0.421708 0.392909 
0.344514 0.348914 0.395542 0.363983 0.351817 0.371353 0.376902 0.384078 0.364939 0.384405 0.387415 0.392678 0.397062 0.490413 0.830206 0.930897 0.686455 0.501910 0.272005 0.146181 0.123770 0.163373 0.218034 0.243993 0.223931 0.578821 0.947104 0.971536 0.819018 0.555545 0.334170 0.324964 0.387097 0.380631 0.401122 0.428034 0.429228 0.402271 0.404925 0.414299 0.423074 0.399656 0.376534 0.335114 0.328232 0.325770 0.330548 0.329970 0.391406 0.399413 0.415333 0.430083 0.732960 0.941887 0.970691 0.959347 0.982351 0.869627 0.618380 0.580863 0.512574 0.591222 0.483445 0.447734 
0.406040 0.386588 0.374927 0.376171 0.368057 0.391621 0.423356 0.404774 0.389465 0.371236 0.359488 0.338817 0.393689 0.517358 0.855284 0.973926 0.750855 0.517313 0.306390 0.162982 0.127896 0.192795 0.267847 0.299790 0.278798 0.607360 0.934198 0.974111 0.852129 0.631753 0.357252 0.317516 0.340651 0.345711 0.429687 0.422752 0.401833 0.353106 0.337448 0.370373 0.354000 0.336103 0.363895 0.398532 0.369631 0.405103 0.445729 0.399425 0.400225 0.382052 0.378137 0.412697 0.709691 0.965893 0.981211 0.963331 0.985976 0.900379 0.663830 0.640884 0.517823 0.518362 0.509891 0.427240 
0.313728 0.328142 0.338511 0.326726 0.357921 0.371471 0.418766 0.354896 0.345660 0.360606 0.329872 0.343616 0.355084 0.501327 0.887247 0.935271 0.802997 0.522810 0.303932 0.151749 0.114234 0.209773 0.241603 0.226231 0.286128 0.646346 0.974579 0.963085 0.836838 0.723475 0.374295 0.345365 0.409235 0.375742 0.433985 0.452316 0.384455 0.378853 0.347373 0.406955 0.419606 0.376454 0.368250 0.387386 0.379704 0.408562 0.452457 0.375654 0.382685 0.357075 0.374402 0.393933 0.747240 0.964625 0.975391 0.985601 0.986424 0.910258 0.732108 0.631951 0.529018 0.531762 0.437077 0.411067 
0.368774 0.394450 0.419547 0.354256 0.303392 0.358160 0.441105 0.390488 0.395012 0.392531 0.357364 0.368599 0.402509 0.607105 0.951560 0.961084 0.823754 0.596881 0.323037 0.153421 0.105335 0.205048 0.254762 0.226408 0.302429 0.666013 0.959877 0.977380 0.827518 0.751534 0.484935 0.416176 0.436348 0.426921 0.465048 0.505620 0.494879 0.393649 0.385609 0.353165 0.383615 0.371213 0.352242 0.364165 0.350263 0.437728 0.384016 0.366783 0.362355 0.372763 0.366628 0.418229 0.760466 0.957792 0.971615 0.984986 0.987860 0.970511 0.703512 0.582485 0.515737 0.489854 0.530074 0.446856 
0.361219 0.377826 0.465940 0.395353 0.392052 0.392987 0.435922 0.431155 0.384485 0.365968 0.347970 0.368836 0.388468 0.601229 0.922364 0.944695 0.834755 0.632695 0.298175 0.152135 0.100851 0.199827 0.291881 0.291353 0.331666 0.669018 0.949806 0.975090 0.823208 0.769555 0.522946 0.360916 0.367832 0.433518 0.433315 0.435701 0.421193 0.401847 0.347231 0.346612 0.350002 0.355460 0.391936 0.391712 0.409404 0.451780 0.402181 0.350067 0.383382 0.348967 0.338835 0.422808 0.750510 0.952868 0.983467 0.981146 0.985367 0.960990 0.706551 0.618826 0.527920 0.546451 0.527898 0.510263 
0.364365 0.368695 0.379332 0.355876 0.321500 0.398963 0.443988 0.358842 0.360752 0.353190 0.362110 0.380151 0.396071 0.594557 0.927177 0.944872 0.830969 0.738963 0.350694 0.188638 0.156653 0.263199 0.284832 0.321090 0.351224 0.666161 0.959935 0.954197 0.818131 0.773557 0.522059 0.362469 0.400542 0.436065 0.465395 0.457682 0.393309 0.387312 0.390252 0.481045 0.433108 0.373439 0.376441 0.424113 0.402828 0.320486 0.307499 0.342118 0.369629 0.340157 0.374612 0.467357 0.728399 0.951634 0.975030 0.983284 0.986969 0.883535 0.741871 0.647271 0.566915 0.556258 0.532929 0.572522 
0.372848 0.383739 0.333875 0.351286 0.323018 0.374480 0.428193 0.363777 0.349425 0.420746 0.373712 0.375756 0.368913 0.560319 0.905425 0.942471 0.836943 0.792445 0.472464 0.219052 0.187541 0.291757 0.319208 0.343011 0.348235 0.671120 0.951524 0.951609 0.814470 0.668299 0.491405 0.377907 0.393437 0.422869 0.433770 0.410332 0.375033 0.324530 0.362895 0.395089 0.354336 0.381696 0.354082 0.347748 0.395121 0.370302 0.388870 0.382883 0.389374 0.360498 0.399075 0.480952 0.771927 0.957058 0.971205 0.984967 0.981404 0.837033 0.734560 0.657844 0.529481 0.543868 0.555255 0.536456 
0.333061 0.367414 0.326924 0.348827 0.370349 0.438534 0.477803 0.369123 0.375021 0.381342 0.324531 0.335877 0.379596 0.552095 0.953332 0.960683 0.824938 0.813819 0.467197 0.278366 0.206700 0.324329 0.346666 0.349481 0.371998 0.689275 0.964279 0.959120 0.775224 0.700549 0.525010 0.381778 0.429633 0.500293 0.500795 0.462182 0.354423 0.351335 0.343798 0.383213 0.368713 0.397040 0.379280 0.359461 0.380525 0.407311 0.379526 0.352387 0.363727 0.365788 0.374158 0.406448 0.769403 0.948655 0.970702 0.973984 0.959265 0.873149 0.741298 0.672278 0.560605 0.553778 0.557388 0.540663 
0.370479 0.357757 0.387985 0.308547 0.327011 0.409785 0.448587 0.354775 0.334569 0.358673 0.341647 0.352768 0.433088 0.560406 0.926865 0.938028 0.861546 0.800788 0.463106 0.253150 0.233461 0.350392 0.371488 0.307418 0.306069 0.670032 0.950281 0.960567 0.803967 0.735220 0.502647 0.419065 0.409571 0.458226 0.494952 0.545200 0.458821 0.381547 0.393016 0.403252 0.431663 0.384652 0.361226 0.365391 0.361444 0.305467 0.349929 0.380939 0.422134 0.358074 0.365090 0.419130 0.748555 0.950602 0.979392 0.986052 0.947657 0.886636 0.722004 0.667111 0.577970 0.595510 0.558801 0.547228 
0.381062 0.348721 0.432568 0.406932 0.391950 0.392884 0.453951 0.415450 0.369294 0.361522 0.369104 0.425747 0.446770 0.749630 0.948883 0.930473 0.872550 0.817366 0.480759 0.340740 0.259815 0.337176 0.329475 0.350700 0.348486 0.690978 0.944760 0.966181 0.838192 0.785133 0.535885 0.445856 0.450714 0.494397 0.530550 0.529310 0.398601 0.370386 0.350507 0.370466 0.360149 0.380501 0.367594 0.394877 0.341839 0.390323 0.361194 0.392778 0.447553 0.342225 0.396841 0.418088 0.755863 0.937552 0.959137 0.985803 0.941032 0.846714 0.727179 0.647615 0.537719 0.530395 0.530988 0.566224 
0.371519 0.340786 0.390273 0.390645 0.374008 0.347225 0.385788 0.342439 0.338022 0.336448 0.358747 0.464915 0.497939 0.707990 0.931092 0.955477 0.832428 0.815711 0.458795 0.257505 0.264627 0.349554 0.323352 0.341353 0.400308 0.729480 0.956151 0.953239 0.809028 0.793078 0.501976 0.352574 0.458527 0.469882 0.508634 0.511294 0.343021 0.358042 0.383814 0.413089 0.377214 0.356708 0.377857 0.409406 0.363788 0.339404 0.326480 0.323374 0.338230 0.320792 0.346588 0.402032 0.761852 0.948903 0.957746 0.980202 0.977364 0.831327 0.729859 0.592270 0.566858 0.564661 0.549831 0.523422 
0.421146 0.423381 0.393991 0.362111 0.392926 0.397146 0.429833 0.356578 0.367749 0.382159 0.384645 0.457453 0.512637 0.677799 0.955940 0.941266 0.883392 0.800242 0.509810 0.309786 0.301015 0.401815 0.349041 0.373806 0.394153 0.758048 0.974335 0.966023 0.839966 0.804821 0.529127 0.381191 0.456408 0.478827 0.547176 0.520456 0.411153 0.362028 0.382833 0.374517 0.382192 0.353561 0.354987 0.379098 0.346322 0.352502 0.327594 0.347875 0.339454 0.381069 0.390532 0.476408 0.805233 0.949024 0.979812 0.984551 0.958674 0.819730 0.734164 0.625984 0.545074 0.560163 0.535356 0.566142 
0.383153 0.358759 0.391002 0.397816 0.378814 0.417208 0.445017 0.328732 0.347861 0.388479 0.391341 0.406978 0.421372 0.626876 0.947337 0.948770 0.843010 0.809040 0.445397 0.318407 0.333477 0.408976 0.359126 0.338124 0.442927 0.821023 0.937900 0.970152 0.849020 0.795818 0.435422 0.420855 0.477156 0.546845 0.572643 0.537288 0.345506 0.302639 0.341286 0.345467 0.336490 0.369587 0.367252 0.386267 0.393254 0.356031 0.368583 0.316616 0.342936 0.345779 0.455317 0.479975 0.796253 0.967113 0.965203 0.976335 0.981835 0.865185 0.764990 0.587979 0.568179 0.559374 0.546074 0.529724 
0.346393 0.376522 0.355498 0.339426 0.350202 0.361042 0.372073 0.355688 0.384109 0.380086 0.377359 0.452283 0.469433 0.692625 0.931507 0.941234 0.835507 0.823428 0.510850 0.374824 0.363972 0.399795 0.359289 0.398635 0.492144 0.821646 0.954909 0.955341 0.819200 0.802054 0.500345 0.422650 0.490467 0.562011 0.536458 0.562280 0.404875 0.389282 0.370465 0.378424 0.357287 0.353562 0.371772 0.361077 0.361548 0.333550 0.330146 0.306504 0.316100 0.374371 0.420311 0.473315 0.798249 0.979322 0.972654 0.970500 0.974332 0.837791 0.723147 0.647057 0.557290 0.559972 0.542999 0.538382 
0.384547 0.390263 0.458335 0.377456 0.381303 0.408811 0.443344 0.412849 0.385888 0.366723 0.413784 0.400747 0.489357 0.769132 0.946187 0.941787 0.814394 0.802434 0.462190 0.335349 0.414061 0.411066 0.391847 0.429360 0.469122 0.791844 0.975378 0.952260 0.807820 0.790990 0.488380 0.502952 0.545148 0.590162 0.550892 0.545326 0.409021 0.388085 0.366077 0.365614 0.351480 0.336548 0.318703 0.300188 0.336699 0.413764 0.377313 0.391429 0.378386 0.368674 0.379164 0.501747 0.798313 0.982946 0.985970 0.978096 0.939905 0.808309 0.727936 0.655557 0.540238 0.565449 0.560008 0.555779 
0.349516 0.402474 0.409306 0.365285 0.373836 0.374508 0.416992 0.362895 0.318093 0.336306 0.344475 0.391520 0.462120 0.805585 0.941501 0.875962 0.807325 0.789558 0.418545 0.325194 0.419772 0.435954 0.382449 0.399245 0.481748 0.809010 0.926257 0.921320 0.846368 0.802153 0.448165 0.514358 0.549223 0.565638 0.553301 0.570285 0.413423 0.349314 0.343633 0.418792 0.363735 0.384494 0.342171 0.376402 0.392212 0.394849 0.398385 0.418671 0.427963 0.359152 0.399508 0.467547 0.803616 0.983337 0.985859 0.987091 0.977870 0.786388 0.738760 0.579690 0.579664 0.557982 0.571258 0.533331 
0.354137 0.341743 0.400526 0.335116 0.366614 0.390898 0.439012 0.375562 0.364072 0.355161 0.391521 0.485950 0.480111 0.762429 0.952056 0.948406 0.815479 0.804751 0.473548 0.377787 0.423283 0.467718 0.415882 0.422527 0.489323 0.870904 0.969424 0.918019 0.864423 0.815379 0.497877 0.526760 0.533208 0.546347 0.585541 0.513136 0.351210 0.363412 0.355291 0.391281 0.366329 0.405847 0.368021 0.349094 0.361335 0.349479 0.358763 0.373446 0.371368 0.345008 0.372561 0.499604 0.816691 0.977781 0.984984 0.980026 0.973261 0.795062 0.741996 0.637739 0.571717 0.535518 0.548262 0.554389 
0.380501 0.380444 0.379965 0.397766 0.403220 0.445509 0.461909 0.361102 0.361863 0.371833 0.354062 0.392060 0.484060 0.768289 0.948154 0.970146 0.854151 0.801782 0.527274 0.336211 0.434055 0.466008 0.437081 0.442485 0.544055 0.919022 0.972591 0.914336 0.865801 0.815419 0.508135 0.541623 0.553485 0.601574 0.596694 0.482506 0.327305 0.336304 0.407351 0.362367 0.335077 0.340447 0.345025 0.352186 0.356672 0.352099 0.343108 0.323103 0.348187 0.384054 0.400895 0.479326 0.871883 0.974284 0.968604 0.975887 0.977521 0.790458 0.706633 0.609104 0.558225 0.556487 0.559717 0.537789 
0.370426 0.333470 0.352473 0.376856 0.356657 0.405041 0.412649 0.329909 0.339900 0.345739 0.313649 0.365269 0.435533 0.773636 0.948215 0.961693 0.880609 0.808915 0.531082 0.358424 0.419188 0.423134 0.426691 0.472765 0.533255 0.861771 0.962776 0.919159 0.871618 0.822899 0.503550 0.525954 0.559883 0.585648 0.584817 0.528012 0.369056 0.347228 0.348744 0.340736 0.358453 0.367961 0.366418 0.322580 0.327754 0.416082 0.359151 0.337624 0.311170 0.326886 0.374148 0.503348 0.881375 0.979728 0.985775 0.969734 0.967319 0.799108 0.724307 0.608627 0.565298 0.562366 0.557092 0.507340 
0.364828 0.503985 0.455675 0.388627 0.368935 0.396299 0.431030 0.373487 0.386051 0.340153 0.380527 0.457626 0.502796 0.769947 0.938325 0.956361 0.867833 0.804127 0.522284 0.375142 0.396638 0.438526 0.445898 0.477188 0.512955 0.834820 0.949064 0.937750 0.832375 0.791250 0.482300 0.534845 0.566127 0.561938 0.669373 0.545961 0.373485 0.376581 0.374132 0.331331 0.383521 0.374145 0.377913 0.356911 0.368643 0.372532 0.367584 0.366919 0.381317 0.390073 0.486098 0.510902 0.826706 0.952707 0.983548 0.968138 0.961205 0.810181 0.721498 0.590294 0.540674 0.558735 0.546821 0.547201 
0.363697 0.438778 0.452322 0.383198 0.391498 0.388453 0.405747 0.367319 0.304590 0.324824 0.353781 0.431265 0.468215 0.799265 0.949169 0.932812 0.870124 0.800032 0.520188 0.380174 0.394575 0.497941 0.452969 0.472519 0.497415 0.832001 0.961654 0.916750 0.875762 0.808825 0.488722 0.572665 0.632905 0.629593 0.697190 0.609760 0.464341 0.343878 0.342925 0.339455 0.343432 0.354288 0.334101 0.333940 0.303429 0.322606 0.370269 0.397741 0.406987 0.363696 0.488975 0.535994 0.936626 0.980943 0.986240 0.982199 0.938879 0.812545 0.726596 0.631676 0.553903 0.568262 0.549497 0.555132 
0.356529 0.397434 0.355942 0.320206 0.290224 0.319477 0.354035 0.347585 0.362326 0.353245 0.378686 0.455678 0.489543 0.804383 0.961196 0.929917 0.882754 0.806103 0.518787 0.397422 0.424493 0.464651 0.469579 0.462696 0.538482 0.910278 0.970981 0.982169 0.884202 0.804487 0.587579 0.736341 0.833231 0.830819 0.837857 0.754509 0.457588 0.395778 0.437029 0.365227 0.387717 0.414752 0.382768 0.370548 0.375774 0.338715 0.330870 0.357892 0.353181 0.334045 0.389426 0.436893 0.887197 0.949102 0.982321 0.987064 0.954625 0.799066 0.730063 0.616633 0.543589 0.596758 0.543522 0.558165 
0.392394 0.368887 0.422170 0.388570 0.365996 0.526314 0.423693 0.421377 0.397118 0.352334 0.345336 0.453013 0.536134 0.876394 0.981199 0.940677 0.810793 0.815978 0.467562 0.390895 0.484930 0.573152 0.498109 0.534541 0.603106 0.911656 0.977973 0.974307 0.922920 0.949576 0.881769 0.998435 0.993914 0.982455 0.891384 0.796387 0.387850 0.384765 0.415909 0.365165 0.329263 0.317658 0.330971 0.382168 0.319755 0.417505 0.389984 0.349340 0.345799 0.383019 0.436683 0.513850 0.894497 0.978553 0.985731 0.987081 0.951965 0.789604 0.729170 0.608491 0.561121 0.532839 0.539233 0.536141 
0.315528 0.334824 0.363654 0.366766 0.338957 0.568400 0.349911 0.287592 0.326499 0.332935 0.385724 0.444627 0.481149 0.796006 0.926191 0.925781 0.858897 0.781826 0.529191 0.527105 0.610344 0.632688 0.732431 0.801012 0.849374 0.972397 0.976808 0.911979 0.919055 0.953056 0.925913 0.934194 0.900474 0.906144 0.833343 0.619309 0.339551 0.337744 0.305608 0.318112 0.338768 0.337236 0.359015 0.406279 0.370520 0.384823 0.353313 0.334262 0.353113 0.327036 0.389562 0.493552 0.928138 0.953900 0.984677 0.986961 0.923871 0.796391 0.733435 0.619090 0.555019 0.565847 0.553633 0.548530 
0.363319 0.381927 0.371736 0.358902 0.351836 0.467670 0.463619 0.328016 0.391522 0.333363 0.377644 0.486957 0.553163 0.811719 0.975463 0.919489 0.921909 0.940284 0.774551 0.841294 0.872952 0.919598 0.919809 0.922824 0.916287 0.907861 0.916305 0.884358 0.909755 0.908321 0.856239 0.828642 0.806960 0.816492 0.849640 0.654100 0.489801 0.342027 0.335708 0.365668 0.398331 0.385270 0.361443 0.319753 0.349610 0.311062 0.307631 0.328200 0.338709 0.334644 0.384797 0.479453 0.808940 0.946371 0.975019 0.978862 0.945674 0.827832 0.727091 0.624690 0.603876 0.555425 0.550448 0.553289 
0.373902 0.420188 0.381546 0.357972 0.380627 0.434505 0.458781 0.351677 0.332977 0.291658 0.365596 0.403952 0.543201 0.783466 0.967313 0.940590 0.947338 0.886802 0.908889 0.940597 0.915823 0.900496 0.859440 0.833989 0.825323 0.840248 0.860416 0.813685 0.815628 0.827539 0.804538 0.792272 0.781369 0.782619 0.763045 0.639640 0.467261 0.328716 0.349346 0.311516 0.365608 0.329770 0.319467 0.316068 0.332064 0.341049 0.326573 0.375548 0.387592 0.381264 0.416403 0.548225 0.881691 0.958309 0.974205 0.975776 0.952582 0.792209 0.727575 0.593762 0.569372 0.559598 0.550700 0.554330 
0.386709 0.359972 0.327040 0.325795 0.349873 0.397790 0.433446 0.322900 0.311247 0.306759 0.390491 0.611828 0.605250 0.787960 0.935628 0.922507 0.891624 0.887477 0.907356 0.917022 0.834993 0.810000 0.799907 0.792039 0.792917 0.782974 0.785440 0.754558 0.785346 0.775465 0.684498 0.678346 0.620559 0.474208 0.452779 0.494308 0.388913 0.330170 0.348207 0.383928 0.362763 0.380954 0.381068 0.429621 0.419219 0.373791 0.355152 0.347805 0.416905 0.386744 0.379600 0.557184 0.905296 0.945971 0.961277 0.981814 0.929977 0.789465 0.730756 0.585677 0.570655 0.554047 0.556654 0.539000 
