0.468256 0.388874 0.344769 0.336588 0.379779 0.306263 0.321821 0.341726 0.339006 0.297555 0.316332 0.349307 0.383635 0.399871 0.404981 0.390008 0.374459 0.360409 0.401292 0.384702 0.336555 0.295222 0.259780 0.193772 0.234751 0.113877 0.188368 0.130240 0.137686 0.157884 0.126011 0.107013 0.118842 0.144761 0.148425 0.112147 0.124744 0.114363 0.134142 0.162317 0.130318 0.140100 0.124780 0.125991 0.099948 0.118055 0.112109 0.090707 0.120785 0.103718 0.103968 0.091781 0.082686 0.087547 0.071125 0.088911 0.108788 0.073707 0.095128 0.083162 0.089338 0.060241 0.051380 0.035411 
0.563789 0.404673 0.336724 0.359514 0.333405 0.344231 0.386080 0.394006 0.378604 0.379037 0.374684 0.411022 0.372487 0.397697 0.409953 0.345822 0.347429 0.361314 0.370233 0.415290 0.379208 0.399499 0.354421 0.279642 0.294305 0.203903 0.134166 0.130156 0.140080 0.114739 0.138264 0.177620 0.125758 0.117062 0.123958 0.085202 0.120815 0.089806 0.132912 0.129548 0.137718 0.136455 0.155029 0.143078 0.184032 0.123443 0.108419 0.090856 0.105488 0.098145 0.087998 0.072906 0.098806 0.068612 0.108663 0.112482 0.104659 0.045647 0.059601 0.036226 0.077089 0.058363 0.074327 0.066518 
0.383063 0.311909 0.325117 0.348962 0.405152 0.376660 0.397060 0.411449 0.390954 0.398906 0.349734 0.364894 0.332097 0.363253 0.403354 0.392161 0.431746 0.397993 0.369187 0.382917 0.384725 0.387734 0.365896 0.371398 0.341476 0.295322 0.184488 0.187038 0.146286 0.149674 0.097239 0.121394 0.160701 0.108413 0.115801 0.130295 0.121912 0.131294 0.145205 0.122385 0.141038 0.153430 0.139984 0.119533 0.134214 0.088205 0.110500 0.096240 0.124944 0.086199 0.070922 0.085847 0.124764 0.109984 0.091875 0.070247 0.030295 0.042046 0.055245 0.064194 0.092595 0.088067 0.069468 0.039390 
0.398836 0.337384 0.325126 0.370895 0.356339 0.331298 0.352337 0.347175 0.369409 0.365686 0.369257 0.355364 0.410910 0.401257 0.367451 0.355612 0.361198 0.368039 0.368751 0.329352 0.415602 0.464808 0.401792 0.360562 0.385199 0.349388 0.272468 0.218985 0.144189 0.143044 0.125669 0.178139 0.146081 0.113501 0.153288 0.149198 0.121509 0.157543 0.136536 0.165064 0.132065 0.178658 0.155981 0.152416 0.137300 0.124447 0.126995 0.095635 0.118445 0.114224 0.087050 0.077953 0.063668 0.035121 0.083749 0.084630 0.077184 0.066563 0.074659 0.033277 0.043418 0.083810 0.035294 0.051093 
0.366290 0.338514 0.340825 0.466790 0.425742 0.395234 0.372736 0.386983 0.397756 0.380125 0.342047 0.341729 0.368172 0.332970 0.337358 0.341857 0.382614 0.368752 0.410380 0.435429 0.440314 0.418854 0.373815 0.357547 0.322120 0.343884 0.354828 0.355453 0.284273 0.263156 0.168840 0.188283 0.175265 0.146825 0.133469 0.105038 0.115597 0.104041 0.140772 0.137627 0.147879 0.197516 0.191182 0.153485 0.143749 0.124582 0.114066 0.162401 0.094161 0.114412 0.117407 0.112822 0.104076 0.107792 0.090371 0.073193 0.042221 0.044800 0.045063 0.071467 0.043985 0.036605 0.089910 0.079203 
0.361403 0.381150 0.357118 0.414006 0.354718 0.368745 0.373710 0.400288 0.383501 0.322128 0.328758 0.326558 0.377761 0.377973 0.380611 0.403841 0.365461 0.370119 0.407510 0.414572 0.402344 0.351629 0.313074 0.340135 0.390230 0.411228 0.415921 0.412776 0.382567 0.389425 0.300239 0.181696 0.169446 0.142742 0.114866 0.121524 0.147610 0.117054 0.182959 0.146883 0.179842 0.162664 0.116301 0.168019 0.156687 0.095257 0.153803 0.182993 0.158607 0.158991 0.113087 0.097322 0.091210 0.096835 0.111087 0.087680 0.072200 0.064919 0.079903 0.051115 0.036191 0.084254 0.091683 0.067055 
0.446674 0.373190 0.377914 0.379854 0.358333 0.337652 0.338692 0.408232 0.439079 0.376558 0.384188 0.354524 0.359959 0.359614 0.404895 0.373773 0.375677 0.368651 0.389953 0.366505 0.370207 0.375076 0.372805 0.383570 0.385997 0.374311 0.351500 0.408637 0.341658 0.407596 0.399163 0.367966 0.344130 0.187376 0.183823 0.147119 0.104489 0.129353 0.159194 0.149181 0.108787 0.129513 0.144806 0.140003 0.151135 0.151980 0.134797 0.159209 0.160657 0.162214 0.141571 0.169953 0.096736 0.111663 0.103273 0.149353 0.128027 0.088238 0.118623 0.076006 0.056081 0.088630 0.096267 0.070175 
0.447866 0.373392 0.371049 0.381546 0.376149 0.377348 0.389262 0.420313 0.425111 0.362626 0.376718 0.347525 0.298254 0.305898 0.386703 0.395737 0.417968 0.416444 0.385212 0.395555 0.383162 0.356357 0.358030 0.325021 0.371055 0.364016 0.354373 0.351157 0.422737 0.406968 0.408654 0.412838 0.391247 0.281698 0.266588 0.148308 0.171281 0.147444 0.141841 0.144897 0.147441 0.133963 0.122446 0.138243 0.113671 0.124669 0.123381 0.133009 0.106461 0.130070 0.148922 0.127560 0.136694 0.124368 0.107466 0.143380 0.084929 0.079497 0.126765 0.095823 0.107058 0.085060 0.070951 0.051287 
0.491429 0.346497 0.326198 0.370750 0.350317 0.300560 0.348387 0.413992 0.328844 0.348590 0.358430 0.361049 0.382217 0.402495 0.398451 0.390836 0.355394 0.393292 0.348418 0.363829 0.357966 0.357470 0.379070 0.374766 0.395407 0.397978 0.371293 0.408502 0.394021 0.381228 0.367148 0.385826 0.319699 0.333857 0.412402 0.309171 0.190751 0.136891 0.146309 0.136288 0.170932 0.132738 0.166217 0.166163 0.142758 0.185512 0.159592 0.153073 0.100318 0.122991 0.138441 0.113380 0.130824 0.089354 0.163288 0.151805 0.091429 0.134567 0.095514 0.103513 0.094781 0.138233 0.086467 0.090105 
0.448060 0.391668 0.407209 0.422657 0.376635 0.393968 0.357196 0.427002 0.356743 0.387815 0.375119 0.382623 0.381483 0.359194 0.330564 0.344712 0.410177 0.344151 0.365631 0.394712 0.419125 0.367238 0.416395 0.368859 0.368474 0.344747 0.378712 0.407304 0.402896 0.396751 0.385356 0.425186 0.394641 0.427596 0.391231 0.330017 0.302730 0.260902 0.228894 0.163121 0.142260 0.213016 0.167383 0.198079 0.137270 0.174466 0.135931 0.113046 0.142077 0.113572 0.143732 0.124265 0.120705 0.129904 0.153531 0.116338 0.119863 0.109200 0.055675 0.141198 0.099614 0.118777 0.064651 0.116450 
0.347612 0.317423 0.352259 0.417987 0.387178 0.361559 0.352625 0.385084 0.411130 0.378368 0.321699 0.331486 0.388672 0.397586 0.387154 0.385922 0.382412 0.375716 0.389116 0.386745 0.362079 0.353488 0.384506 0.358902 0.378461 0.419886 0.423577 0.419251 0.459335 0.501441 0.413033 0.335480 0.368986 0.386096 0.350684 0.348843 0.409838 0.368655 0.358832 0.293994 0.209397 0.120177 0.147698 0.128504 0.142581 0.139094 0.106521 0.111936 0.131049 0.135703 0.151216 0.133653 0.112495 0.104696 0.098551 0.127887 0.107460 0.115531 0.097372 0.138597 0.122017 0.142385 0.123424 0.134790 
0.605300 0.355450 0.353313 0.375587 0.335527 0.323637 0.337504 0.412063 0.350633 0.363603 0.385604 0.415537 0.422386 0.414760 0.430978 0.413508 0.388233 0.353374 0.397581 0.362996 0.359924 0.387780 0.356392 0.345439 0.366845 0.414650 0.370903 0.404920 0.409818 0.414181 0.396854 0.424046 0.403089 0.472502 0.463239 0.413965 0.440614 0.393477 0.374183 0.342442 0.279734 0.237056 0.147814 0.160551 0.161131 0.127357 0.143117 0.151931 0.151730 0.102328 0.120360 0.115262 0.120965 0.076962 0.140001 0.158703 0.147417 0.136890 0.164524 0.118176 0.081922 0.112459 0.134857 0.111108 
0.486299 0.342091 0.365148 0.379717 0.390351 0.394803 0.376675 0.430321 0.396426 0.381361 0.438813 0.422616 0.399052 0.354011 0.367365 0.357175 0.396395 0.407585 0.454452 0.414017 0.449607 0.375661 0.381177 0.359071 0.350523 0.358964 0.343495 0.399082 0.398868 0.451643 0.415911 0.456095 0.460574 0.368173 0.377294 0.404490 0.363907 0.335462 0.392664 0.335112 0.345950 0.377227 0.338385 0.277365 0.178024 0.163126 0.180169 0.106187 0.128603 0.116860 0.141510 0.137305 0.093636 0.108885 0.125365 0.117406 0.144816 0.147910 0.134875 0.132225 0.149779 0.163407 0.124652 0.105306 
0.388115 0.347893 0.326759 0.340860 0.359177 0.338546 0.414681 0.479407 0.368598 0.385617 0.426401 0.391009 0.360902 0.321251 0.372055 0.416324 0.414749 0.384687 0.373391 0.365366 0.394212 0.351276 0.341799 0.390865 0.391910 0.396727 0.407757 0.414651 0.387224 0.390787 0.379627 0.369805 0.389386 0.380001 0.368956 0.415726 0.418150 0.428729 0.425473 0.422093 0.427346 0.394350 0.383439 0.375722 0.263417 0.225942 0.174137 0.179498 0.124025 0.123841 0.161831 0.140505 0.076002 0.096843 0.112573 0.150142 0.126019 0.140381 0.136193 0.120162 0.179586 0.153782 0.130268 0.092773 
0.379655 0.363654 0.338379 0.397896 0.396452 0.376880 0.405606 0.402454 0.415370 0.378757 0.397477 0.433888 0.368135 0.389876 0.372564 0.389914 0.421427 0.394554 0.378778 0.368639 0.421668 0.429628 0.426832 0.419203 0.378494 0.342837 0.377204 0.378796 0.333415 0.368781 0.361787 0.381328 0.396011 0.403364 0.387472 0.359648 0.376621 0.392024 0.394864 0.389853 0.408775 0.379216 0.385515 0.400141 0.423083 0.353296 0.260565 0.113117 0.113917 0.151334 0.130903 0.099838 0.159343 0.127535 0.147530 0.146538 0.141101 0.128987 0.138287 0.139220 0.119584 0.092937 0.115559 0.154914 
0.335145 0.340079 0.355275 0.376061 0.391568 0.352624 0.397883 0.410118 0.386495 0.358348 0.347389 0.358936 0.321954 0.340890 0.383302 0.409515 0.448639 0.373366 0.372775 0.414026 0.374131 0.411325 0.383998 0.340019 0.357499 0.365184 0.378883 0.413600 0.406517 0.416107 0.389866 0.370271 0.367463 0.367979 0.341488 0.358972 0.367691 0.390132 0.449869 0.394434 0.425470 0.432059 0.393707 0.435257 0.372059 0.326538 0.299650 0.292093 0.238094 0.187811 0.159607 0.131762 0.142599 0.144731 0.143913 0.113057 0.106509 0.094307 0.134370 0.135456 0.147980 0.114977 0.142513 0.165066 
0.431024 0.417362 0.348653 0.370790 0.376274 0.385242 0.351363 0.354169 0.351783 0.388470 0.372265 0.392737 0.395635 0.372244 0.378804 0.377420 0.371639 0.344190 0.395318 0.367929 0.362022 0.406728 0.398001 0.387721 0.429190 0.356068 0.345410 0.356610 0.387486 0.356055 0.348647 0.346327 0.346653 0.406766 0.410010 0.429393 0.420729 0.419408 0.443342 0.361040 0.378920 0.382111 0.345523 0.382845 0.424463 0.406699 0.400465 0.431717 0.396709 0.306415 0.247051 0.141288 0.118444 0.126814 0.108215 0.144546 0.133329 0.135149 0.168782 0.138459 0.111148 0.174339 0.180633 0.156908 
0.472705 0.387395 0.363424 0.376462 0.383811 0.413133 0.414226 0.406540 0.404664 0.438647 0.400600 0.381847 0.417178 0.382167 0.355324 0.357342 0.339983 0.389528 0.384904 0.424260 0.403269 0.340746 0.326637 0.362481 0.417687 0.379571 0.321010 0.365749 0.362581 0.406236 0.407991 0.427746 0.428253 0.404168 0.361544 0.382177 0.376518 0.368026 0.331543 0.377300 0.379797 0.382564 0.410185 0.390913 0.349943 0.363902 0.343213 0.366933 0.366170 0.359517 0.348177 0.305450 0.172623 0.156400 0.167700 0.167514 0.150596 0.156132 0.171248 0.163505 0.215179 0.302677 0.309482 0.283773 
0.421505 0.334985 0.306600 0.319049 0.333679 0.297900 0.366415 0.388451 0.363161 0.389844 0.342764 0.370680 0.391337 0.368599 0.350227 0.459024 0.408806 0.428446 0.390212 0.367499 0.347955 0.337118 0.388936 0.385698 0.376381 0.393708 0.414532 0.365161 0.382298 0.367508 0.327313 0.386123 0.358118 0.340953 0.384970 0.404513 0.391044 0.432745 0.367017 0.363516 0.352065 0.361049 0.341944 0.327048 0.314192 0.342103 0.368456 0.342565 0.379574 0.357509 0.421039 0.381354 0.332832 0.233914 0.207529 0.183603 0.223446 0.212094 0.208660 0.297888 0.450390 0.369570 0.431441 0.459788 
0.408140 0.397582 0.376112 0.440332 0.352270 0.348390 0.368540 0.418198 0.375407 0.395862 0.365902 0.417724 0.377340 0.356739 0.343489 0.353813 0.350770 0.362202 0.350553 0.352057 0.394160 0.420034 0.427144 0.388707 0.406517 0.371479 0.373262 0.365884 0.359474 0.325923 0.364424 0.364986 0.359413 0.463522 0.419050 0.399451 0.406231 0.402136 0.326025 0.292539 0.287824 0.310711 0.366876 0.368480 0.414075 0.382099 0.389523 0.402162 0.344243 0.374055 0.341177 0.274330 0.241882 0.309591 0.250266 0.315594 0.399487 0.398135 0.404295 0.402866 0.493264 0.479343 0.520834 0.550135 
0.353364 0.336817 0.340655 0.392306 0.359912 0.350993 0.394780 0.449164 0.386029 0.381100 0.413728 0.428157 0.395000 0.372201 0.333048 0.340242 0.379802 0.380192 0.416554 0.381289 0.374538 0.395993 0.435712 0.318137 0.344705 0.342552 0.365313 0.371459 0.416806 0.410883 0.367732 0.380521 0.379081 0.383926 0.380119 0.347137 0.421672 0.394470 0.343289 0.405314 0.394992 0.430518 0.424216 0.398835 0.384085 0.347845 0.336014 0.367319 0.382221 0.335370 0.343335 0.146929 0.196054 0.363477 0.365300 0.385825 0.463194 0.502820 0.498055 0.504721 0.526072 0.545638 0.553929 0.593279 
0.351889 0.374833 0.374985 0.371459 0.370496 0.347196 0.367449 0.384568 0.324788 0.375774 0.323926 0.373230 0.367802 0.405696 0.405907 0.420789 0.361149 0.378747 0.378535 0.345957 0.361797 0.361224 0.406310 0.377405 0.373814 0.353344 0.420537 0.374062 0.361988 0.341604 0.350933 0.363266 0.352735 0.357143 0.368948 0.392217 0.413839 0.394663 0.384160 0.379694 0.377873 0.376197 0.347982 0.347001 0.354829 0.391245 0.375995 0.364126 0.400711 0.380988 0.346904 0.219874 0.175916 0.352784 0.482626 0.475666 0.524541 0.575516 0.558403 0.588445 0.554709 0.594708 0.551383 0.518928 
0.427155 0.401031 0.398237 0.380864 0.370976 0.386870 0.433025 0.407008 0.395658 0.449082 0.372188 0.350557 0.332162 0.343140 0.368531 0.348460 0.341192 0.343867 0.394271 0.442203 0.400087 0.408817 0.381901 0.357327 0.359320 0.333449 0.343632 0.341925 0.364606 0.346644 0.393443 0.377523 0.375841 0.376070 0.401976 0.399615 0.384748 0.338687 0.343052 0.370636 0.342120 0.369549 0.388858 0.439619 0.412949 0.391625 0.354035 0.364487 0.352802 0.343305 0.342515 0.229025 0.137510 0.449124 0.547498 0.541734 0.547377 0.522028 0.493465 0.425599 0.432776 0.417820 0.423751 0.430095 
0.392837 0.339399 0.339235 0.323495 0.351905 0.388096 0.426166 0.438362 0.348812 0.421119 0.320227 0.317565 0.349755 0.327320 0.412452 0.402771 0.444661 0.397319 0.439344 0.420230 0.401397 0.368883 0.308631 0.305826 0.367864 0.376682 0.412146 0.346852 0.371296 0.372545 0.380720 0.394535 0.371510 0.374609 0.389070 0.359816 0.355944 0.417903 0.423650 0.391141 0.384658 0.379031 0.404072 0.377401 0.372354 0.357459 0.353022 0.342118 0.307679 0.386219 0.339752 0.351998 0.241472 0.561254 0.627013 0.515650 0.436960 0.418492 0.378933 0.426574 0.364540 0.400569 0.383748 0.356874 
0.340275 0.316270 0.336834 0.373107 0.360646 0.344674 0.440997 0.429620 0.345662 0.399451 0.393822 0.434585 0.378959 0.371732 0.399323 0.448632 0.357107 0.355397 0.319705 0.348185 0.402965 0.374986 0.343485 0.407568 0.388127 0.426979 0.413512 0.350900 0.341179 0.334349 0.351232 0.349645 0.339417 0.315717 0.349322 0.342039 0.370791 0.427616 0.409765 0.376396 0.328787 0.363985 0.382534 0.357463 0.350963 0.342800 0.359319 0.397211 0.385412 0.380734 0.397364 0.373507 0.381750 0.659724 0.743651 0.638111 0.581415 0.426900 0.303552 0.196189 0.232298 0.236171 0.238299 0.249360 
0.336358 0.289232 0.343141 0.412661 0.405546 0.424095 0.428052 0.441971 0.430123 0.421167 0.385622 0.377081 0.347802 0.339232 0.352765 0.390731 0.366470 0.401386 0.395527 0.352564 0.368833 0.362394 0.377207 0.354871 0.344054 0.370043 0.384046 0.357833 0.394461 0.362030 0.380897 0.368611 0.332554 0.370228 0.401040 0.424572 0.400445 0.391257 0.347915 0.382072 0.378667 0.430788 0.402162 0.402897 0.398946 0.374122 0.339989 0.314666 0.328158 0.356186 0.336171 0.304335 0.428065 0.705045 0.874741 0.679259 0.644550 0.485254 0.218660 0.246159 0.237265 0.281939 0.305748 0.316610 
0.336784 0.295403 0.364777 0.414176 0.374682 0.356452 0.396906 0.394762 0.320944 0.340913 0.345895 0.369065 0.393521 0.439409 0.386711 0.389016 0.402635 0.360856 0.417712 0.343766 0.350506 0.343828 0.360340 0.364346 0.354402 0.368960 0.352219 0.331376 0.366679 0.389598 0.446955 0.444346 0.425192 0.504310 0.553187 0.503657 0.435208 0.396287 0.384406 0.438791 0.400062 0.383520 0.362418 0.339047 0.345762 0.311522 0.330982 0.349064 0.395657 0.428172 0.377890 0.368567 0.488868 0.806822 0.769523 0.733566 0.657904 0.474623 0.297031 0.213233 0.231936 0.252533 0.316857 0.332249 
0.377067 0.376835 0.377962 0.372946 0.374871 0.369447 0.386251 0.395197 0.371029 0.407312 0.357256 0.346464 0.367903 0.415349 0.398512 0.359431 0.382711 0.348006 0.340411 0.370381 0.381652 0.357000 0.383096 0.387853 0.350090 0.386865 0.430793 0.449148 0.433155 0.454086 0.475959 0.517725 0.468043 0.450245 0.357478 0.373349 0.364321 0.357543 0.380426 0.387450 0.324754 0.336752 0.319505 0.393301 0.378141 0.402715 0.409728 0.382514 0.373328 0.364014 0.365943 0.354667 0.520880 0.885825 0.864135 0.756375 0.704818 0.515833 0.298231 0.272456 0.291663 0.324886 0.307786 0.332124 
0.367226 0.363138 0.345764 0.341989 0.383295 0.400675 0.448353 0.382325 0.395833 0.451557 0.371653 0.305257 0.287326 0.296624 0.319005 0.314401 0.362035 0.355167 0.375196 0.378690 0.427886 0.431352 0.397832 0.407966 0.413669 0.504254 0.637764 0.584737 0.470928 0.389072 0.317885 0.304261 0.355987 0.362722 0.329903 0.339296 0.308895 0.334769 0.347010 0.382809 0.381053 0.358120 0.368569 0.388139 0.373023 0.391954 0.351704 0.306785 0.314607 0.298047 0.341603 0.371927 0.548152 0.931209 0.950465 0.793849 0.716577 0.555333 0.333525 0.336891 0.278973 0.264519 0.354293 0.365324 
0.343164 0.399962 0.376981 0.374560 0.335655 0.347768 0.420111 0.399278 0.346448 0.386174 0.382907 0.243536 0.123565 0.106015 0.205451 0.250897 0.404572 0.455367 0.413835 0.490551 0.498067 0.515020 0.514828 0.492885 0.427937 0.448337 0.554817 0.587329 0.445325 0.269607 0.144639 0.191438 0.294011 0.289198 0.365972 0.366897 0.388385 0.435888 0.367129 0.382508 0.350355 0.338269 0.344246 0.330747 0.317316 0.345190 0.344389 0.392230 0.351558 0.368137 0.409714 0.380812 0.559523 0.911762 0.958414 0.824570 0.745854 0.637473 0.386225 0.369339 0.304202 0.326789 0.315523 0.360774 
0.374768 0.363278 0.396144 0.440125 0.374142 0.414497 0.453231 0.435948 0.429194 0.400603 0.391304 0.310281 0.240250 0.014060 0.276552 0.429765 0.479988 0.505365 0.509157 0.466845 0.424233 0.375498 0.283468 0.261690 0.159874 0.287942 0.661669 0.646493 0.469183 0.279970 0.184562 0.182406 0.251972 0.329182 0.318305 0.350714 0.362488 0.363815 0.336776 0.322532 0.329387 0.359621 0.362164 0.399918 0.414097 0.352131 0.380045 0.346298 0.406796 0.369212 0.343256 0.342718 0.533250 0.910006 0.973171 0.944300 0.822574 0.554134 0.368082 0.368627 0.342160 0.340549 0.334778 0.390447 
0.303418 0.326821 0.365673 0.381405 0.355335 0.384107 0.420033 0.395300 0.368744 0.375988 0.336525 0.311184 0.335803 0.092624 0.277436 0.524054 0.406522 0.310462 0.273493 0.159413 0.121054 0.101885 0.075039 0.072087 0.102510 0.316475 0.657682 0.670054 0.511066 0.319603 0.248024 0.164753 0.290909 0.326191 0.325067 0.342688 0.374445 0.357687 0.378915 0.411696 0.358238 0.347524 0.384036 0.362172 0.375826 0.354239 0.313346 0.315859 0.324866 0.345622 0.381844 0.378737 0.587856 0.933886 0.971886 0.961673 0.852678 0.593582 0.445210 0.424385 0.352388 0.337893 0.333785 0.363871 
0.351966 0.357354 0.373951 0.345116 0.358679 0.323366 0.354388 0.378861 0.386015 0.384350 0.416349 0.372370 0.396372 0.231809 0.430135 0.645823 0.430309 0.328216 0.204893 0.093848 0.055129 0.044818 0.063149 0.066422 0.109869 0.229875 0.672080 0.781422 0.474275 0.323032 0.324831 0.258987 0.281498 0.364792 0.342816 0.406935 0.401424 0.403823 0.379228 0.387206 0.339975 0.342680 0.322494 0.320594 0.336914 0.342512 0.368353 0.364884 0.375267 0.367023 0.398222 0.466287 0.636116 0.970448 0.984220 0.964115 0.880951 0.616252 0.396043 0.395273 0.355448 0.359399 0.413671 0.374284 
0.332353 0.299550 0.335994 0.348158 0.326713 0.339555 0.404881 0.377982 0.383567 0.401287 0.388275 0.350080 0.332585 0.297639 0.488841 0.643469 0.440338 0.333999 0.220866 0.095008 0.056761 0.047752 0.072969 0.099027 0.111697 0.351222 0.772561 0.808065 0.527772 0.404476 0.295510 0.349898 0.371373 0.353342 0.388668 0.371128 0.378273 0.357890 0.366131 0.370688 0.376436 0.403203 0.372998 0.371552 0.397240 0.387214 0.338332 0.375383 0.330609 0.339662 0.356700 0.398360 0.632316 0.960675 0.970183 0.985132 0.930291 0.648494 0.522750 0.406211 0.344020 0.402391 0.414698 0.397556 
0.301822 0.325997 0.305069 0.324400 0.336553 0.394425 0.410895 0.349396 0.340507 0.372513 0.408462 0.356714 0.353306 0.365757 0.557406 0.748532 0.453416 0.392966 0.291964 0.073687 0.077328 0.057316 0.086841 0.138395 0.197776 0.453978 0.909014 0.956729 0.569019 0.487693 0.355310 0.309205 0.337304 0.362302 0.358624 0.407956 0.408720 0.386682 0.390909 0.392938 0.363178 0.358043 0.379445 0.348048 0.362054 0.324309 0.349493 0.295874 0.361786 0.358043 0.386947 0.387521 0.599371 0.955824 0.978491 0.986193 0.985942 0.731169 0.476112 0.483052 0.372421 0.373366 0.361804 0.361528 
0.397763 0.353551 0.468797 0.396227 0.324154 0.362556 0.407412 0.418955 0.370829 0.380631 0.409392 0.406600 0.399812 0.448184 0.687811 0.785409 0.546455 0.485675 0.344432 0.165143 0.080033 0.051205 0.199578 0.160620 0.245122 0.446679 0.989385 0.956293 0.770877 0.451838 0.337847 0.342212 0.375466 0.390815 0.380823 0.395582 0.379817 0.368956 0.363766 0.322353 0.342254 0.322198 0.364966 0.390294 0.378585 0.357647 0.390203 0.397529 0.381171 0.370248 0.386892 0.468363 0.638651 0.972433 0.984840 0.968518 0.966844 0.765015 0.558369 0.481246 0.473923 0.446060 0.398902 0.395651 
0.349428 0.374451 0.447176 0.398623 0.398088 0.395188 0.394630 0.428940 0.357152 0.341298 0.380062 0.343131 0.376387 0.478227 0.859710 0.853581 0.580113 0.516237 0.241342 0.140868 0.062894 0.108324 0.198109 0.184246 0.188267 0.576675 0.916565 0.952761 0.776509 0.520882 0.381163 0.325181 0.365076 0.387439 0.402710 0.417420 0.353479 0.345187 0.367675 0.438233 0.436591 0.403221 0.410511 0.401562 0.391222 0.381120 0.337165 0.324766 0.338005 0.315985 0.329597 0.340875 0.638144 0.958303 0.980567 0.985597 0.976111 0.843914 0.598741 0.508297 0.566980 0.561745 0.421673 0.392896 
0.344514 0.348925 0.395538 0.363970 0.351824 0.371347 0.376906 0.384082 0.364951 0.384408 0.387415 0.392699 0.397093 0.490395 0.830216 0.930820 0.686455 0.501887 0.272057 0.146092 0.123809 0.163380 0.217710 0.244069 0.223772 0.578796 0.946939 0.971617 0.818925 0.555683 0.334150 0.324977 0.387101 0.380635 0.401125 0.428019 0.429241 0.402271 0.404926 0.414291 0.423015 0.399638 0.376538 0.335116 0.328228 0.325774 0.330539 0.329982 0.391410 0.399420 0.415335 0.430149 0.733219 0.941898 0.970738 0.959373 0.982377 0.869717 0.618329 0.580866 0.512342 0.591353 0.483330 0.447735 
0.406040 0.386582 0.374929 0.376203 0.368077 0.391630 0.423370 0.404775 0.389489 0.371243 0.359499 0.338826 0.393704 0.517381 0.855307 0.974013 0.750785 0.517321 0.306347 0.163007 0.127909 0.192783 0.268030 0.299867 0.278305 0.607407 0.934163 0.974070 0.852138 0.631753 0.357262 0.317515 0.340639 0.345703 0.429688 0.422766 0.401847 0.353130 0.337446 0.370381 0.353985 0.336104 0.363903 0.398555 0.369647 0.405110 0.445728 0.399407 0.400201 0.382045 0.378125 0.412705 0.709433 0.965975 0.981214 0.963349 0.986009 0.900425 0.663782 0.640967 0.517672 0.518404 0.510188 0.427263 
0.313728 0.328149 0.338508 0.326736 0.357930 0.371470 0.418764 0.354909 0.345663 0.360616 0.329884 0.343639 0.355093 0.501264 0.887210 0.935089 0.802933 0.522764 0.303956 0.151743 0.114259 0.209793 0.241635 0.226107 0.286167 0.646269 0.974735 0.963075 0.836839 0.723474 0.374248 0.345379 0.409239 0.375747 0.433925 0.452323 0.384425 0.378885 0.347397 0.406963 0.419624 0.376471 0.368268 0.387388 0.379690 0.408563 0.452445 0.375645 0.382675 0.357081 0.374422 0.393983 0.747431 0.964612 0.975370 0.985610 0.986429 0.910252 0.732084 0.631861 0.529042 0.531756 0.437232 0.411142 
0.368774 0.394472 0.419554 0.354271 0.303394 0.358146 0.441109 0.390474 0.395024 0.392542 0.357386 0.368601 0.402564 0.607123 0.951544 0.961051 0.823666 0.596950 0.323042 0.153365 0.105392 0.205065 0.254778 0.226437 0.302389 0.665986 0.959944 0.977341 0.827523 0.751561 0.484903 0.416209 0.436298 0.426887 0.465002 0.505634 0.494925 0.393627 0.385614 0.353164 0.383612 0.371220 0.352241 0.364170 0.350269 0.437727 0.384014 0.366809 0.362365 0.372783 0.366651 0.418283 0.760537 0.957768 0.971635 0.985004 0.987864 0.970510 0.703493 0.582391 0.515695 0.489833 0.530297 0.446723 
0.361219 0.377807 0.465976 0.395314 0.392040 0.392986 0.435900 0.431170 0.384480 0.365975 0.347980 0.368818 0.388489 0.601280 0.921922 0.944691 0.834773 0.632702 0.298170 0.152107 0.100858 0.199787 0.292018 0.291181 0.331741 0.668971 0.949861 0.975120 0.823207 0.769563 0.522934 0.360826 0.367834 0.433557 0.433267 0.435735 0.421205 0.401845 0.347237 0.346601 0.350003 0.355478 0.391941 0.391718 0.409421 0.451796 0.402186 0.350075 0.383397 0.348981 0.338833 0.422840 0.750485 0.952891 0.983476 0.981158 0.985381 0.960993 0.706515 0.618767 0.528053 0.546608 0.527978 0.510055 
0.364365 0.368700 0.379334 0.355877 0.321494 0.398965 0.443969 0.358780 0.360766 0.353200 0.362125 0.380149 0.396092 0.594539 0.927262 0.944919 0.830983 0.738962 0.350698 0.188668 0.156621 0.263219 0.284682 0.321058 0.351069 0.666203 0.959963 0.954225 0.818126 0.773574 0.522061 0.362425 0.400558 0.436105 0.465447 0.457763 0.393294 0.387349 0.390259 0.481057 0.433077 0.373445 0.376442 0.424095 0.402827 0.320451 0.307422 0.342123 0.369637 0.340164 0.374629 0.467398 0.728438 0.951622 0.975043 0.983293 0.986996 0.883551 0.742128 0.647241 0.566863 0.556228 0.532806 0.572560 
0.372848 0.383749 0.333885 0.351362 0.323037 0.374485 0.428201 0.363790 0.349469 0.420754 0.373721 0.375759 0.368928 0.560306 0.905434 0.942508 0.836940 0.792440 0.472455 0.218828 0.187347 0.291954 0.319065 0.342972 0.348165 0.671142 0.951577 0.951632 0.814542 0.668263 0.491315 0.377793 0.393447 0.422814 0.433868 0.410362 0.375047 0.324538 0.362914 0.395094 0.354338 0.381695 0.354092 0.347747 0.395126 0.370315 0.388902 0.382899 0.389366 0.360515 0.399072 0.480948 0.771950 0.957048 0.971207 0.984984 0.981434 0.837049 0.734745 0.657763 0.529484 0.543829 0.555260 0.536408 
0.333061 0.367426 0.326933 0.348858 0.370363 0.438542 0.477835 0.369075 0.375027 0.381350 0.324532 0.335880 0.379637 0.552099 0.953387 0.960681 0.824910 0.813807 0.467129 0.278268 0.206499 0.324430 0.346622 0.349428 0.372075 0.689294 0.964309 0.959133 0.775183 0.700624 0.525019 0.381591 0.429617 0.500321 0.500789 0.462298 0.354354 0.351356 0.343808 0.383218 0.368721 0.397057 0.379289 0.359474 0.380530 0.407333 0.379519 0.352388 0.363722 0.365795 0.374152 0.406414 0.769496 0.948677 0.970714 0.974003 0.959323 0.873179 0.741305 0.672257 0.560647 0.553818 0.557380 0.540628 
0.370479 0.357763 0.388014 0.308476 0.327000 0.409771 0.448534 0.354770 0.334569 0.358674 0.341694 0.352770 0.433157 0.560437 0.926822 0.938057 0.861539 0.800788 0.463050 0.253181 0.233217 0.350433 0.371495 0.307335 0.305956 0.670050 0.950346 0.960577 0.804004 0.735290 0.502494 0.419040 0.409546 0.458169 0.494670 0.545100 0.458888 0.381543 0.392989 0.403246 0.431674 0.384650 0.361235 0.365392 0.361455 0.305458 0.349926 0.380948 0.422144 0.358086 0.365087 0.419200 0.748739 0.950601 0.979400 0.986062 0.947729 0.886653 0.721851 0.667039 0.578031 0.595606 0.558747 0.547248 
0.381062 0.348710 0.432567 0.406914 0.391944 0.392883 0.453994 0.415474 0.369315 0.361538 0.369129 0.425774 0.446784 0.749716 0.948947 0.930535 0.872482 0.817355 0.480670 0.340784 0.259685 0.337183 0.329454 0.350713 0.348498 0.691029 0.944810 0.966217 0.838159 0.785109 0.536018 0.445865 0.450710 0.494385 0.530727 0.529330 0.398585 0.370402 0.350511 0.370470 0.360146 0.380502 0.367608 0.394890 0.341837 0.390348 0.361214 0.392785 0.447541 0.342240 0.396849 0.418110 0.755899 0.937602 0.959184 0.985820 0.941054 0.846700 0.727188 0.647641 0.537775 0.530385 0.530998 0.566239 
0.371519 0.340786 0.390268 0.390650 0.374017 0.347222 0.385788 0.342399 0.338031 0.336440 0.358740 0.464878 0.497661 0.707965 0.930793 0.955529 0.832385 0.815731 0.458761 0.257462 0.264379 0.349552 0.323349 0.341381 0.400235 0.729124 0.956177 0.953266 0.809019 0.793066 0.501933 0.352518 0.458602 0.469714 0.508488 0.511247 0.342841 0.358083 0.383819 0.413098 0.377231 0.356724 0.377863 0.409393 0.363819 0.339408 0.326453 0.323366 0.338218 0.320773 0.346577 0.402024 0.761900 0.948895 0.957795 0.980226 0.977407 0.831315 0.729971 0.592254 0.566951 0.564642 0.549878 0.523464 
0.421146 0.423390 0.393977 0.362108 0.392938 0.397156 0.429842 0.356575 0.367797 0.382163 0.384648 0.457438 0.512614 0.677838 0.955975 0.941273 0.883374 0.800217 0.509785 0.309697 0.301035 0.401817 0.349057 0.373785 0.394187 0.757984 0.974327 0.966003 0.839898 0.804832 0.529150 0.381015 0.456414 0.478666 0.547318 0.520453 0.411145 0.362044 0.382841 0.374513 0.382198 0.353577 0.354997 0.379104 0.346331 0.352490 0.327628 0.347895 0.339502 0.381167 0.390548 0.476458 0.805245 0.949025 0.979793 0.984551 0.958701 0.819714 0.734163 0.625972 0.545178 0.560125 0.535294 0.566164 
0.383153 0.358757 0.390984 0.397826 0.378818 0.417208 0.444977 0.328739 0.347850 0.388468 0.391326 0.406935 0.421438 0.626708 0.947530 0.948798 0.842982 0.809037 0.445227 0.318353 0.333410 0.408985 0.359151 0.338070 0.442906 0.821078 0.937803 0.970168 0.848980 0.795806 0.435348 0.420898 0.477076 0.546937 0.572762 0.537243 0.345421 0.302611 0.341284 0.345476 0.336507 0.369600 0.367252 0.386267 0.393281 0.356046 0.368604 0.316584 0.342929 0.345760 0.455305 0.479948 0.796218 0.967115 0.965209 0.976338 0.981858 0.865012 0.765072 0.587977 0.568154 0.559361 0.546114 0.529753 
0.346393 0.376561 0.355498 0.339427 0.350204 0.361045 0.372077 0.355706 0.384103 0.380088 0.377363 0.452273 0.469453 0.692468 0.931566 0.941318 0.835484 0.823515 0.510822 0.374818 0.363941 0.399774 0.359292 0.398642 0.492158 0.821616 0.954936 0.955428 0.819191 0.802044 0.500299 0.422467 0.490251 0.562029 0.536319 0.562264 0.404801 0.389304 0.370467 0.378440 0.357308 0.353580 0.371782 0.361086 0.361561 0.333557 0.330135 0.306463 0.316101 0.374350 0.420314 0.473326 0.798246 0.979435 0.972649 0.970520 0.974402 0.837783 0.723016 0.647051 0.557326 0.559939 0.543034 0.538390 
0.384547 0.390271 0.458338 0.377452 0.381315 0.408813 0.443371 0.412868 0.385878 0.366718 0.413800 0.400759 0.489376 0.769146 0.946182 0.941952 0.814357 0.802425 0.462174 0.335291 0.414066 0.411032 0.391851 0.429340 0.469125 0.791809 0.975502 0.952253 0.807811 0.790982 0.488368 0.502893 0.545116 0.590308 0.550870 0.545294 0.408931 0.388080 0.366067 0.365612 0.351479 0.336539 0.318699 0.300197 0.336704 0.413768 0.377311 0.391437 0.378354 0.368669 0.379158 0.501856 0.798296 0.983028 0.985979 0.978100 0.939954 0.808363 0.727972 0.655687 0.540176 0.565426 0.560002 0.555773 
0.349516 0.402464 0.409296 0.365297 0.373833 0.374508 0.416977 0.362913 0.318089 0.336315 0.344474 0.391496 0.462056 0.805590 0.941467 0.875840 0.807324 0.789553 0.418424 0.325054 0.419770 0.435913 0.382445 0.399209 0.481777 0.808996 0.926159 0.921345 0.846349 0.802152 0.448127 0.514412 0.549160 0.565633 0.553303 0.570245 0.413307 0.349310 0.343652 0.418794 0.363744 0.384493 0.342174 0.376424 0.392215 0.394843 0.398365 0.418648 0.427900 0.359147 0.399526 0.467571 0.803611 0.983426 0.985877 0.987097 0.977884 0.786393 0.738807 0.579682 0.579754 0.557942 0.571188 0.533299 
0.354137 0.341745 0.400534 0.335110 0.366616 0.390904 0.439050 0.375550 0.364117 0.355184 0.391524 0.486135 0.480120 0.762425 0.952092 0.948414 0.815476 0.804729 0.473268 0.377716 0.423271 0.467750 0.415897 0.422531 0.489249 0.870925 0.969533 0.918053 0.864367 0.815375 0.497835 0.526740 0.533194 0.546325 0.585558 0.513139 0.351062 0.363451 0.355307 0.391276 0.366332 0.405839 0.368039 0.349089 0.361336 0.349481 0.358769 0.373450 0.371371 0.345022 0.372572 0.499567 0.816705 0.977888 0.984998 0.980040 0.973276 0.795042 0.742013 0.637740 0.571773 0.535479 0.548284 0.554415 
0.380501 0.380442 0.379967 0.397782 0.403216 0.445497 0.461883 0.361095 0.361873 0.371835 0.354061 0.392047 0.484103 0.768322 0.948184 0.970144 0.854147 0.801794 0.527285 0.336130 0.434017 0.466047 0.437149 0.442477 0.543971 0.918951 0.972640 0.914310 0.865742 0.815419 0.508090 0.541420 0.553478 0.601613 0.596676 0.482508 0.327068 0.336352 0.407353 0.362378 0.335085 0.340449 0.345033 0.352191 0.356694 0.352117 0.343121 0.323129 0.348239 0.384090 0.400907 0.479298 0.871925 0.974324 0.968626 0.975908 0.977557 0.790491 0.706528 0.609197 0.558183 0.556530 0.559701 0.537836 
0.370426 0.333471 0.352456 0.376867 0.356653 0.405033 0.412623 0.329885 0.339905 0.345743 0.313667 0.365272 0.435456 0.773702 0.948219 0.961699 0.880565 0.808935 0.531116 0.358379 0.419184 0.423171 0.426805 0.472745 0.533132 0.861762 0.962829 0.919177 0.871509 0.822920 0.503534 0.525879 0.559877 0.585695 0.584797 0.527987 0.369029 0.347232 0.348745 0.340737 0.358479 0.367962 0.366453 0.322582 0.327751 0.416088 0.359169 0.337628 0.311169 0.326882 0.374147 0.503393 0.881406 0.979789 0.985788 0.969752 0.967348 0.799156 0.724298 0.608733 0.565319 0.562350 0.557055 0.507377 
0.364828 0.504047 0.455700 0.388624 0.368948 0.396303 0.431072 0.373482 0.386068 0.340174 0.380547 0.457605 0.502814 0.769929 0.938359 0.956399 0.867812 0.804130 0.522282 0.375092 0.396631 0.438596 0.445925 0.477171 0.512856 0.834898 0.949132 0.937828 0.832339 0.791234 0.482278 0.534822 0.566116 0.561926 0.669528 0.545997 0.373435 0.376576 0.374139 0.331380 0.383529 0.374140 0.377908 0.356931 0.368665 0.372537 0.367591 0.366908 0.381289 0.390058 0.486166 0.510739 0.826679 0.952669 0.983569 0.968142 0.961236 0.810262 0.721438 0.590261 0.540736 0.558722 0.546826 0.547301 
0.363697 0.438766 0.452302 0.383189 0.391504 0.388449 0.405751 0.367340 0.304533 0.324825 0.353772 0.431192 0.468212 0.799246 0.949172 0.932867 0.870107 0.800013 0.520168 0.380071 0.394576 0.498007 0.452971 0.472459 0.497425 0.831975 0.961704 0.916772 0.875755 0.808822 0.488703 0.572713 0.633088 0.629602 0.697135 0.609739 0.464239 0.343894 0.342914 0.339450 0.343426 0.354293 0.334100 0.333941 0.303375 0.322597 0.370301 0.397736 0.406966 0.363629 0.489055 0.535983 0.936624 0.980961 0.986258 0.982218 0.938890 0.812592 0.726570 0.631657 0.553939 0.568245 0.549513 0.555152 
0.356529 0.397434 0.355869 0.320144 0.290180 0.319460 0.354033 0.347600 0.362328 0.353278 0.378666 0.455674 0.489579 0.804394 0.961222 0.929918 0.882681 0.806105 0.518762 0.397287 0.424459 0.464519 0.469484 0.462586 0.538391 0.910240 0.970955 0.982180 0.884168 0.804512 0.587579 0.736341 0.833226 0.830737 0.837893 0.754548 0.457457 0.395780 0.437039 0.365236 0.387705 0.414761 0.382773 0.370557 0.375790 0.338720 0.330867 0.357896 0.353188 0.334049 0.389378 0.436710 0.887171 0.948891 0.982319 0.987076 0.954624 0.799103 0.730067 0.616598 0.543582 0.596774 0.543512 0.558166 
0.392394 0.368887 0.422192 0.388581 0.366034 0.526417 0.423685 0.421407 0.397115 0.352351 0.345309 0.453018 0.536096 0.876470 0.981348 0.940707 0.810758 0.816016 0.467529 0.390798 0.484882 0.573355 0.498021 0.534515 0.603157 0.911456 0.977917 0.974339 0.922884 0.949581 0.881728 0.998459 0.994077 0.983339 0.892892 0.796391 0.387842 0.384749 0.415879 0.365199 0.329252 0.317646 0.330977 0.382169 0.319714 0.417554 0.389967 0.349357 0.345828 0.383057 0.436689 0.513835 0.894501 0.978596 0.985752 0.987096 0.951977 0.789576 0.729189 0.608494 0.561175 0.532818 0.539304 0.536177 
0.315528 0.334822 0.363651 0.366780 0.338870 0.568470 0.349772 0.287529 0.326503 0.332940 0.385715 0.444605 0.481124 0.795971 0.926121 0.925823 0.858896 0.781776 0.529189 0.527091 0.610424 0.632726 0.732431 0.800948 0.849371 0.972785 0.976851 0.912054 0.919069 0.953138 0.926151 0.934105 0.900264 0.906175 0.833331 0.619311 0.339513 0.337707 0.305592 0.318074 0.338766 0.337256 0.359068 0.406288 0.370534 0.384836 0.353326 0.334273 0.353135 0.327032 0.389575 0.493594 0.928213 0.953885 0.984673 0.986972 0.923893 0.796404 0.733421 0.619092 0.555045 0.565806 0.553687 0.548538 
0.363319 0.381944 0.371741 0.358930 0.351869 0.467678 0.463866 0.327983 0.391636 0.333392 0.377639 0.486979 0.553198 0.811734 0.975802 0.919483 0.921740 0.940302 0.774547 0.841320 0.872975 0.919719 0.919791 0.923007 0.916886 0.907580 0.916381 0.884175 0.909682 0.908338 0.856026 0.828452 0.806474 0.816269 0.849686 0.654144 0.490026 0.341996 0.335762 0.365777 0.398336 0.385264 0.361461 0.319716 0.349636 0.310974 0.307626 0.328223 0.338700 0.334634 0.384819 0.479422 0.808922 0.946337 0.975052 0.978889 0.945701 0.827855 0.727029 0.624696 0.603829 0.555405 0.550399 0.553271 
0.373902 0.420156 0.381540 0.357985 0.380635 0.434446 0.459098 0.351772 0.332861 0.291639 0.365595 0.404001 0.543194 0.783423 0.967374 0.940618 0.947665 0.886527 0.908709 0.941328 0.916533 0.900569 0.859248 0.834099 0.825368 0.840193 0.860333 0.813144 0.815460 0.827436 0.804494 0.792265 0.781364 0.782618 0.763052 0.639647 0.467262 0.328757 0.349352 0.311477 0.365615 0.329767 0.319469 0.316067 0.332079 0.341050 0.326631 0.375547 0.387576 0.381263 0.416448 0.548300 0.881687 0.958438 0.974221 0.975807 0.952644 0.792146 0.727551 0.593842 0.569371 0.559559 0.550727 0.554337 
0.386709 0.359982 0.327047 0.325806 0.349869 0.397788 0.433499 0.322828 0.311224 0.306850 0.390444 0.611921 0.605355 0.787965 0.935639 0.922936 0.891651 0.887435 0.907268 0.916781 0.834862 0.809939 0.799817 0.791984 0.792874 0.782932 0.785429 0.754529 0.785335 0.775487 0.684458 0.678338 0.620553 0.474203 0.452761 0.493847 0.388830 0.330151 0.348197 0.383913 0.362765 0.380972 0.381076 0.429602 0.419186 0.373796 0.355141 0.347772 0.416892 0.386738 0.379773 0.557182 0.905132 0.946046 0.961418 0.981912 0.929989 0.789482 0.730859 0.585902 0.570608 0.554090 0.556651 0.539028 
